2009:095:02:20:00.00   -1836605.33    8671798.17   -1429464.08 07-08    00    (     0.075344,       71.536519)   3750.00 0.03618
2009:095:02:40:00.00    -729044.75    -403258.70     274934.78 06-07    00    (     2.159071,       23.868513)  12931.00 0.00903
2009:095:02:40:00.00   -2300368.96    8340891.50   -1024044.75 06-08    00    (     0.102769,        4.747066)   2068.97 0.04729
2009:095:02:40:00.00   -1571324.21    8744150.19   -1298979.53 07-08    00    (     0.167003,       29.199160)   3750.00 0.03640
2009:095:03:00:00.00    -722331.91    -372445.25     330505.83 06-07    00    (     2.161711,       23.508710)  12931.00 0.00902
2009:095:03:00:00.00   -2016350.74    8432537.58    -858763.97 06-08    00    (     0.095639,       93.507970)   2068.97 0.04713
2009:095:03:00:00.00   -1294018.83    8804982.84   -1189269.80 07-08    00    (     0.131648,       38.274464)   3750.00 0.03676
2009:095:03:20:00.00    -710091.56    -342034.20     385351.20 06-07    00    (     2.183088,       22.849421)  12931.00 0.00901
2009:095:03:20:00.00   -1716902.78    8511796.40    -715823.25 06-08    00    (     0.151808,       69.647765)   2068.97 0.04718
2009:095:03:20:00.00   -1006811.22    8853830.59   -1101174.44 07-08    00    (     0.106783,       24.019235)   3750.00 0.03731
2009:095:03:40:00.00    -692417.37    -312258.24     439051.18 06-07    00    (     2.197917,       22.317636)  12931.00 0.00899
2009:095:03:40:00.00   -1404316.55    8578061.42    -596316.40 06-08    00    (     0.045930,       57.175394)   2068.97 0.04748
2009:095:03:40:00.00    -711899.18    8890319.66   -1035367.58 07-08    00    (     0.049395,       13.652280)   3750.00 0.03804
2009:095:04:00:00.00   -3353860.25   -5673338.93    -286396.05 05-06    00    (     0.172253,      -46.454684) 188088.00 0.00655
2009:095:04:00:00.00   -4023304.84   -5956684.17     204798.80 05-07    00    (     0.194616,      -16.227832) 340909.00 0.00652
2009:095:04:00:00.00   -4434844.32    2957486.65    -787553.99 05-08    00    (     0.393061,     -124.265215)  54545.40 0.00870
2009:095:04:00:00.00    -669444.59    -283345.24     491194.84 06-07    00    (     2.207726,       21.848562)  12931.00 0.00898
2009:095:04:00:00.00   -1080984.07    8630825.58    -501157.94 06-08    00    (     0.110354,       51.965448)   2068.97 0.04808
2009:095:04:00:00.00    -411539.48    8914170.82    -992352.78 07-08    00    (     0.118171,       27.409710)   3750.00 0.03898
2009:095:04:20:00.00   -3603351.98   -5525633.88     -20014.74 05-06    00    (     0.180460,      -41.784545) 188088.00 0.00695
2009:095:04:20:00.00   -4244700.99   -5781150.33     521368.44 05-07    00    (     0.208240,      -20.078036) 340909.00 0.00689
2009:095:04:20:00.00   -4352731.53    3144051.21    -451090.78 05-08    00    (     0.355106,     -119.770409)  54545.40 0.00851
2009:095:04:20:00.00    -641349.01    -255516.45     541383.18 06-07    00    (     2.233392,       20.641618)  12931.00 0.00896
2009:095:04:20:00.00    -749379.55    8669685.10    -431076.04 06-08    00    (     0.111551,       49.597033)   2068.97 0.04900
2009:095:04:20:00.00    -108030.54    8925201.55    -972459.22 07-08    00    (     0.037017,      -61.834467)   3750.00 0.04015
2009:095:04:40:00.00   -3825269.74   -5367920.58     264416.14 05-06    00    (     0.199617,      -48.819799) 188088.00 0.00733
2009:095:04:40:00.00   -4433615.37   -5596905.40     853648.27 05-07    00    (     0.219092,      -19.778946) 340909.00 0.00719
2009:095:04:40:00.00   -4237310.29    3326422.04    -122190.85 05-08    00    (     0.326346,     -119.062585)  54545.40 0.00825
2009:095:04:40:00.00    -608345.63    -228984.82     589232.13 06-07    00    (     2.270287,       19.436817)  12931.00 0.00894
2009:095:04:40:00.00    -412040.55    8694342.62    -386606.99 06-08    00    (     0.092247,      -32.399135)   2068.97 0.05026
2009:095:04:40:00.00     196305.08    8923327.43    -975839.12 07-08    00    (     0.144299,       48.080873)   3750.00 0.04155
2009:095:05:00:00.00   -4017915.36   -5201405.90     564720.03 05-06    00    (     0.205213,      -44.571634) 188088.00 0.00766
2009:095:05:00:00.00   -4588602.37   -5405359.27    1199095.57 05-07    00    (     0.210152,      -21.867185) 340909.00 0.00742
2009:095:05:00:00.00   -4089463.85    3503203.56     196628.95 05-08    00    (     0.311001,     -117.637244)  54545.40 0.00795
2009:095:05:00:00.00    -570687.00    -203953.37     634375.54 06-07    00    (     2.294833,       18.251395)  12931.00 0.00892
2009:095:05:00:00.00     -71548.49    8704609.45    -368091.09 06-08    00    (     0.089937,       99.849848)   2068.97 0.05191
2009:095:05:00:00.00     499138.52    8908562.82   -1002466.62 07-08    00    (     0.112844,       17.351198)   3750.00 0.04318
2009:095:05:20:00.00   -4179814.65   -5027364.05     878598.91 05-06    00    (     0.196525,      -46.778275) 188088.00 0.00791
2009:095:05:20:00.00   -4708475.96   -5207977.72    1555066.86 05-07    00    (     0.211532,      -26.825568) 340909.00 0.00754
2009:095:05:20:00.00   -3910323.57    3673042.98     502928.90 05-08    00    (     0.295172,     -118.339361)  54545.40 0.00762
2009:095:05:20:00.00    -528661.31    -180613.67     676467.95 06-07    00    (     2.300943,       16.618816)  12931.00 0.00890
2009:095:05:20:00.00     269491.08    8700407.03    -375670.01 06-08    00    (     0.189862,       -3.553795)   2068.97 0.05394
2009:095:05:20:00.00     798152.38    8881020.70   -1052137.96 07-08    00    (     0.082103,      -18.107502)   3750.00 0.04504
2009:095:05:40:00.00   -4309728.71   -4847126.86    1203650.90 05-06    00    (     0.216337,      -53.642349) 188088.00 0.00808
2009:095:05:40:00.00   -4792318.84   -5006271.16    1918838.16 05-07    00    (     0.218087,      -29.768044) 340909.00 0.00755
2009:095:05:40:00.00   -3701260.29    3834640.66     794365.12 05-08    00    (     0.275347,     -121.347222)  54545.40 0.00727
2009:095:05:40:00.00    -482590.13    -159144.30     715187.26 06-07    00    (     2.329114,       15.327484)  12931.00 0.00889
2009:095:05:40:00.00     608468.42    8681767.52    -409285.78 06-08    00    (     0.194513,      -59.534292)   2068.97 0.05638
2009:095:05:40:00.00    1091058.55    8840911.82   -1124473.04 07-08    00    (     0.082366,      -15.960601)   3750.00 0.04712
2009:095:06:00:00.00   -4406663.40   -4662073.56    1537388.59 05-06    00    (     0.204362,      -55.623173) 188088.00 0.00816
2009:095:06:00:00.00   -4839489.42   -4801783.13    2287625.77 05-07    00    (     0.222064,      -34.728523) 340909.00 0.00744
2009:095:06:00:00.00   -3463873.82    3986759.99    1068707.45 05-08    00    (     0.261161,     -124.044039)  54545.40 0.00693
2009:095:06:00:00.00    -432826.02    -139709.56     750237.18 06-07    00    (     2.352488,       13.298120)  12931.00 0.00887
2009:095:06:00:00.00     942789.58    8648833.55    -468681.14 06-08    00    (     0.064911,      -49.732617)   2068.97 0.05923
2009:095:06:00:00.00    1375615.60    8788543.11   -1218918.32 07-08    00    (     0.118093,      -44.874870)   3750.00 0.04940
2009:095:06:20:00.00   -4469876.94   -4473620.23    1877258.12 05-06    00    (     0.229306,      -61.252517) 188088.00 0.00812
2009:095:06:20:00.00   -4849626.73   -4596078.41    2658607.62 05-07    00    (     0.228139,      -40.884491) 340909.00 0.00722
2009:095:06:20:00.00   -3199980.72    4128236.90    1323856.53 05-08    00    (     0.271282,     -128.690519)  54545.40 0.00660
2009:095:06:20:00.00    -379749.79    -122458.18     781349.50 06-07    00    (     2.379444,       11.346234)  12931.00 0.00885
2009:095:06:20:00.00    1269896.22    8601857.14    -553401.59 06-08    00    (     0.097057,        8.093353)   2068.97 0.06247
2009:095:06:20:00.00    1649646.01    8724315.32   -1334751.09 07-08    00    (     0.133222,        8.442882)   3750.00 0.05183
2009:095:06:40:00.00   -4498885.60   -4283208.99    2220658.70 05-06    00    (     0.237074,      -71.894554) 188088.00 0.00798
2009:095:06:40:00.00   -4822653.20   -4390731.14    3028944.83 05-07    00    (     0.231616,      -50.971055) 340909.00 0.00690
2009:095:06:40:00.00   -2911600.38    4257988.78    1557859.88 05-08    00    (     0.253223,     -133.230903)  54545.40 0.00630
2009:095:06:40:00.00    -323767.60    -107522.16     808286.14 06-07    00    (     2.406093,        9.445542)  12931.00 0.00884
2009:095:06:40:00.00    1587285.22    8541197.77    -662798.81 06-08    00    (     0.194778,        8.775296)   2068.97 0.06608
2009:095:06:40:00.00    1911052.82    8648719.93   -1471084.95 07-08    00    (     0.066959,       39.859366)   3750.00 0.05437
2009:095:07:00:00.00   -4493467.40   -4092296.90    2564962.51 05-06    00    (     0.236337,      -82.819331) 188088.00 0.00773
2009:095:07:00:00.00   -2600939.59    4375022.72    1768926.83 05-08    00    (     0.243888,     -138.868918)  54545.40 0.00604
2009:095:07:00:00.00    1892527.81    8467319.62    -796035.67 06-08    00    (     0.110388,       -9.620759)   2068.97 0.07001
2009:095:07:20:00.00   -4453663.80   -3902344.90    2907534.85 05-06    00    (     0.245994,      -92.534363) 188088.00 0.00740
2009:095:07:20:00.00   -2270375.59    4478443.14    1955442.25 05-08    00    (     0.236836,     -143.338917)  54545.40 0.00581
2009:095:07:20:00.00    2183288.21    8380788.04    -952092.61 06-08    00    (     0.173884,      -69.781444)   2068.97 0.07418
2009:095:07:40:00.00   -1854737.12    2356705.58   -2915838.26 04-05    00    (     0.631905,       97.342659) 136364.00 0.00313
2009:095:07:40:00.00   -3777175.09    6924164.23    -799859.42 04-08    00    (     0.130979,       41.321748)   1500.00 0.05657
2009:095:07:40:00.00   -1922437.98    4567458.64    2115978.84 05-08    00    (     0.222764,     -149.794325)  54545.40 0.00564
2009:095:08:00:00.00   -1970623.06    2437919.87   -2769370.91 04-05    00    (     0.588411,      106.582731) 136364.00 0.00318
2009:095:08:00:00.00   -3530412.33    7079307.91    -520062.76 04-08    00    (     0.099489,       14.224446)   1500.00 0.05481
2009:095:08:00:00.00   -1559789.28    4641388.04    2249308.14 05-08    00    (     0.219545,     -154.752956)  54545.40 0.00551
2009:095:08:20:00.00   -2071429.18    2523734.63   -2614606.74 04-05    00    (     0.552177,      116.185632) 136364.00 0.00323
2009:095:08:20:00.00   -3256633.78    7223400.24    -260196.87 04-08    00    (     0.253831,       33.997510)   1500.00 0.05314
2009:095:08:20:00.00   -1185204.60    4699665.61    2354409.87 05-08    00    (     0.213265,     -163.250358)  54545.40 0.00544
2009:095:08:40:00.00   -2156384.09    2613493.19   -2452730.06 04-05    00    (     0.520666,      124.196767) 136364.00 0.00328
2009:095:08:40:00.00   -2957934.45    7355338.59     -22250.30 04-08    00    (     0.219475,       18.634039)   1500.00 0.05162
2009:095:08:40:00.00    -801550.36    4741845.40    2430479.77 05-08    00    (     0.220550,     -167.076080)  54545.40 0.00542
2009:095:09:00:00.00   -2224837.69    2706508.68   -2284979.60 04-05    00    (     0.496300,      131.198089) 136364.00 0.00332
2009:095:09:00:00.00   -2636600.09    7474113.31     191956.11 04-08    00    (     0.173854,       21.627938)   1500.00 0.05035
2009:095:09:00:00.00    -411762.41    4767604.63    2476935.71 05-08    00    (     0.201403,     -167.673229)  54545.40 0.00546
2009:095:09:20:00.00    -476084.33     442377.66   -1354874.34 02-04    00    (     2.230762,       15.268996)   1260.50 0.02841
2009:095:09:20:00.00   -2752350.47    3244446.99   -3467513.37 02-05    00    (     0.404931,      173.720216)  45836.50 0.00635
2009:095:09:20:00.00   -2771173.99    8021193.17    -974091.17 02-08    00    (     0.062956,       21.880355)    504.20 0.09543
2009:095:09:20:00.00   -2276266.14    2802069.34   -2112639.02 04-05    00    (     0.481177,      138.577989) 136364.00 0.00335
2009:095:09:20:00.00   -2295089.66    7578815.52     380783.18 04-08    00    (     0.247228,       34.422574)   1500.00 0.04938
2009:095:09:20:00.00     -18823.52    4776746.18    2493422.20 05-08    00    (     0.208647,     -173.781404)  54545.40 0.00555
2009:095:09:40:00.00    -559068.66     464354.47   -1315239.87 02-04    00    (     2.113743,       19.482638)   1260.50 0.02849
2009:095:09:40:00.00   -2869344.56    3363798.35   -3252267.02 02-05    00    (     0.379743,     -176.209232)  45836.50 0.00652
2009:095:09:40:00.00   -2495085.15    8132998.45    -772453.93 02-08    00    (     0.124677,       28.310133)    504.20 0.09426
2009:095:09:40:00.00   -2310275.90    2899443.88   -1937027.15 04-05    00    (     0.454689,      143.670260) 136364.00 0.00338
2009:095:09:40:00.00   -1936016.49    7668643.99     542785.94 04-08    00    (     0.135538,       40.445498)   1500.00 0.04877
2009:095:09:40:00.00     374259.41    4769200.10    2479813.09 05-08    00    (     0.206189,     -179.522280)  54545.40 0.00571
2009:095:10:00:00.00    -637774.83     489764.04   -1269414.52 02-04    00    (     2.176220,       21.869514)   1260.50 0.02859
2009:095:10:00:00.00   -2964381.54    3487651.23   -3028902.34 02-05    00    (     0.360409,     -169.060373)  45836.50 0.00667
2009:095:10:00:00.00   -2199903.17    8232675.36    -592689.82 02-08    00    (     0.067936,      -18.310620)    504.20 0.09344
2009:095:10:00:00.00   -2326606.71    2997887.19   -1759487.82 04-05    00    (     0.429602,      149.068327) 136364.00 0.00340
2009:095:10:00:00.00   -1562128.34    7742911.32     676724.70 04-08    00    (     0.238232,       25.186446)   1500.00 0.04857
2009:095:10:00:00.00     764478.37    4745024.14    2436212.52 05-08    00    (     0.213377,      176.061680)  54545.40 0.00593
2009:095:10:20:00.00     374643.66     -40224.46     583173.86 02-03    00    (     2.383262,      -11.384766)    672.27 0.03877
2009:095:10:20:00.00    -711600.55     518411.95   -1217748.94 02-04    00    (     2.053223,       23.772020)   1260.50 0.02869
2009:095:10:20:00.00   -3036734.16    3615057.87   -2799128.54 02-05    00    (     0.343684,     -160.008274)  45836.50 0.00680
2009:095:10:20:00.00   -1887886.83    8319461.16    -436174.42 02-08    00    (     0.221805,      -28.925859)    504.20 0.09308
2009:095:10:20:00.00   -1086244.21     558636.41   -1800922.80 03-04    00    (     1.955731,       38.542845)   2000.00 0.02333
2009:095:10:20:00.00   -3411377.82    3655282.33   -3382302.40 03-05    00    (     0.308570,     -143.788196)  72727.30 0.00584
2009:095:10:20:00.00   -2262530.49    8359685.62   -1019348.28 03-08    00    (     0.137262,       27.903441)    800.00 0.07607
2009:095:10:20:00.00   -2325133.61    3096645.93   -1581379.60 04-05    00    (     0.414047,      153.614110) 136364.00 0.00342
2009:095:10:20:00.00   -1176286.29    7801049.21     781574.52 04-08    00    (     0.091827,       33.700828)   1500.00 0.04881
2009:095:10:20:00.00    1148847.33    4704403.29    2362954.12 05-08    00    (     0.220312,      177.352283)  54545.40 0.00621
2009:095:10:40:00.00     416077.80     -57011.87     552898.31 02-03    00    (     2.393577,      -11.356978)    672.27 0.03882
2009:095:10:40:00.00    -779980.87     550078.96   -1160638.51 02-04    00    (     2.022110,       28.038847)   1260.50 0.02879
2009:095:10:40:00.00   -3085848.75    3745043.33   -2564703.95 02-05    00    (     0.314869,     -152.627911)  45836.50 0.00690
2009:095:10:40:00.00   -1561423.80    8392691.73    -304105.45 02-08    00    (     0.106680,        9.437425)    504.20 0.09327
2009:095:10:40:00.00   -1196058.68     607090.82   -1713536.82 03-04    00    (     1.886216,       43.115370)   2000.00 0.02354
2009:095:10:40:00.00   -3501926.55    3802055.19   -3117602.26 03-05    00    (     0.291330,     -131.649644)  72727.30 0.00600
2009:095:10:40:00.00   -1977501.60    8449703.59    -857003.76 03-08    00    (     0.150708,       61.520128)    800.00 0.07585
2009:095:10:40:00.00   -2305867.88    3194964.37   -1404065.44 04-05    00    (     0.392514,      156.046876) 136364.00 0.00342
2009:095:10:40:00.00    -781442.93    7842612.77     856533.06 04-08    00    (     0.133336,       17.565729)   1500.00 0.04954
2009:095:10:40:00.00    1524424.95    4647648.40    2260598.50 05-08    00    (     0.210286,      170.498894)  54545.40 0.00655
2009:095:11:00:00.00     454327.99     -75491.01     519571.77 02-03    00    (     2.361331,      -13.448695)    672.27 0.03887
2009:095:11:00:00.00    -842392.55     584522.74   -1098520.24 02-04    00    (     1.965804,       29.970737)   1260.50 0.02890
2009:095:11:00:00.00   -3111349.48    3876612.90   -2327422.44 02-05    00    (     0.296395,     -146.643466)  45836.50 0.00698
2009:095:11:00:00.00   -1223012.28    8451806.68    -197493.53 02-08    00    (     0.203863,       42.737199)    504.20 0.09408
2009:095:11:00:00.00   -1296720.54     660013.75   -1618092.01 03-04    00    (     1.803677,       49.117672)   2000.00 0.02375
2009:095:11:00:00.00   -3565677.46    3952103.91   -2846994.21 03-05    00    (     0.266967,     -121.168210)  72727.30 0.00613
2009:095:11:00:00.00   -1677340.26    8527297.69    -717065.30 03-08    00    (     0.077354,       -3.122811)    800.00 0.07599
2009:095:11:00:00.00   -2268956.93    3292090.16   -1228902.20 04-05    00    (     0.376810,      159.706622) 136364.00 0.00342
2009:095:11:00:00.00    -380619.73    7867283.93     901026.71 04-08    00    (     0.114149,        7.268394)   1500.00 0.05079
2009:095:11:00:00.00    1888337.20    4575193.78    2129928.91 05-08    00    (     0.225465,      165.915193)  54545.40 0.00696
2009:095:11:20:00.00   -3016048.45   -1617896.79    -902912.04 01-02    00    (     0.833532,      135.015826)   1527.88 0.03999
2009:095:11:20:00.00   -2526946.94   -1713417.28    -419462.79 01-03    00    (     0.896348,      114.719862)   2424.24 0.02846
2009:095:11:20:00.00   -3914406.42    -996417.06   -1934781.54 01-04    00    (     0.823390,      171.691592)   4545.45 0.02870
2009:095:11:20:00.00   -6129089.64    2390862.98   -2992011.83 01-05    00    (     0.283958,      -55.912456) 165289.00 0.00955
2009:095:11:20:00.00   -3891290.34    6878456.85   -1020066.54 01-08    00    (     0.284964,       14.084052)   1818.18 0.05239
2009:095:11:20:00.00     489101.51     -95520.48     483449.26 02-03    00    (     2.321310,      -15.363886)    672.27 0.03891
2009:095:11:20:00.00    -898357.98     621479.73   -1031869.50 02-04    00    (     1.942144,       31.758129)   1260.50 0.02900
2009:095:11:20:00.00   -3113041.19    4008759.78   -2089099.79 02-05    00    (     0.293699,     -140.382574)  45836.50 0.00703
2009:095:11:20:00.00    -875241.89    8496353.65    -117154.50 02-08    00    (     0.281722,       39.825315)    504.20 0.09559
2009:095:11:20:00.00   -1387459.49     717000.22   -1515318.75 03-04    00    (     1.734382,       51.401557)   2000.00 0.02396
2009:095:11:20:00.00   -3602142.70    4104280.26   -2572549.05 03-05    00    (     0.246215,     -112.092057)  72727.30 0.00623
2009:095:11:20:00.00   -1364343.40    8591874.13    -600603.76 03-08    00    (     0.204304,       59.810941)    800.00 0.07654
2009:095:11:20:00.00   -2214683.22    3387280.04   -1057230.30 04-05    00    (     0.346717,      162.847439) 136364.00 0.00341
2009:095:11:20:00.00      23116.08    7874873.91     914714.99 04-08    00    (     0.104666,       -2.720580)   1500.00 0.05260
2009:095:11:20:00.00    2237799.30    4487593.87    1971945.29 05-08    00    (     0.233688,      159.620422)  54545.40 0.00743
2009:095:11:40:00.00   -3142084.70   -1487156.59    -667126.28 01-02    00    (     0.918806,      139.039272)   1527.88 0.04093
2009:095:11:40:00.00   -2621952.42   -1604103.60    -222319.09 01-03    00    (     0.901830,      115.208705)   2424.24 0.02884
2009:095:11:40:00.00   -4089533.59    -826489.47   -1628322.58 01-04    00    (     0.870652,      177.715848)   4545.45 0.03001
2009:095:11:40:00.00   -6232995.66    2653316.15   -2518685.97 01-05    00    (     0.260568,      -38.152718) 165289.00 0.00996
2009:095:11:40:00.00   -3662858.58    7038835.16    -730829.42 01-08    00    (     0.162743,       19.031392)   1818.18 0.05085
2009:095:11:40:00.00     520132.28    -116947.01     444807.20 02-03    00    (     2.284584,      -17.052570)    672.27 0.03896
2009:095:11:40:00.00    -947448.89     660667.12    -961196.30 02-04    00    (     1.907710,       34.927709)   1260.50 0.02909
2009:095:11:40:00.00   -3090910.96    4140472.74   -1851559.69 02-05    00    (     0.266989,     -133.036328)  45836.50 0.00705
2009:095:11:40:00.00    -520773.88    8525991.75     -63703.13 02-08    00    (     0.137243,       83.672752)    504.20 0.09785
2009:095:11:40:00.00   -1467581.17     777614.14   -1406003.49 03-04    00    (     1.632632,       56.010561)   2000.00 0.02416
2009:095:11:40:00.00   -3611043.24    4257419.75   -2296366.89 03-05    00    (     0.229599,     -103.738429)  72727.30 0.00629
2009:095:11:40:00.00   -1040906.16    8642938.76    -508510.33 03-08    00    (     0.158691,       21.657783)    800.00 0.07756
2009:095:11:40:00.00   -2143462.07    3479805.62    -890363.39 04-05    00    (     0.326713,      164.854637) 136364.00 0.00340
2009:095:11:40:00.00     426675.01    7865324.63     897493.16 04-08    00    (     0.213085,       33.614122)   1500.00 0.05500
2009:095:11:40:00.00    2570137.08    4385519.01    1787856.56 05-08    00    (     0.238179,      147.125419)  54545.40 0.00794
2009:095:12:00:00.00   -3244076.74   -1351575.24    -422609.66 01-02    00    (     0.892202,      140.756151)   1527.88 0.04165
2009:095:12:00:00.00   -2696893.90   -1491181.87     -18668.37 01-03    00    (     0.915407,      119.499894)   2424.24 0.02911
2009:095:12:00:00.00   -4233366.37    -649790.20   -1309651.12 01-04    00    (     0.852586,     -175.770130)   4545.45 0.03112
2009:095:12:00:00.00   -6289204.86    2919168.64   -2039229.54 01-05    00    (     0.253456,      -28.336391) 165289.00 0.01018
2009:095:12:00:00.00   -3406397.48    7188918.95    -460158.12 01-08    00    (     0.134985,       40.936703)   1818.18 0.04931
2009:095:12:00:00.00     547182.84    -139606.64     403941.29 02-03    00    (     2.269416,      -16.818512)    672.27 0.03900
2009:095:12:00:00.00    -989289.63     701785.04    -887041.46 02-04    00    (     1.882855,       37.508135)   1260.50 0.02918
2009:095:12:00:00.00   -3045128.12    4270743.87   -1616619.88 02-05    00    (     0.237335,     -132.083264)  45836.50 0.00705
2009:095:12:00:00.00    -162320.75    8540494.18     -37548.46 02-08    00    (     0.202368,        7.642137)    504.20 0.10092
2009:095:12:00:00.00   -1536472.47     841391.68   -1290982.74 03-04    00    (     1.608533,       58.243795)   2000.00 0.02434
2009:095:12:00:00.00   -3592310.96    4410350.51   -2020561.17 03-05    00    (     0.218570,      -99.989464)  72727.30 0.00631
2009:095:12:00:00.00    -709503.58    8680100.82    -441489.74 03-08    00    (     0.146082,      104.379652)    800.00 0.07911
2009:095:12:00:00.00   -2055838.49    3568958.84    -729578.42 04-05    00    (     0.314252,      166.910800) 136364.00 0.00338
2009:095:12:00:00.00     826968.89    7838709.15     849493.00 04-08    00    (     0.251584,      -15.451864)   1500.00 0.05802
2009:095:12:00:00.00    2882807.38    4269750.31    1579071.42 05-08    00    (     0.238940,      146.209328)  54545.40 0.00850
2009:095:12:20:00.00   -3321244.11   -1212190.24    -171233.29 01-02    00    (     0.945307,      141.656997)   1527.88 0.04213
2009:095:12:20:00.00   -2751197.93   -1375516.20     189930.96 01-03    00    (     0.950886,      122.204767)   2424.24 0.02926
2009:095:12:20:00.00   -4344804.14    -467671.41    -981205.73 01-04    00    (     0.781313,     -172.780049)   4545.45 0.03195
2009:095:12:20:00.00   -6297287.13    3186386.07   -1557311.48 01-05    00    (     0.236243,      -18.135541) 165289.00 0.01020
2009:095:12:20:00.00   -3123869.59    7327559.74    -210123.90 01-08    00    (     0.117346,       31.931881)   1818.18 0.04788
2009:095:12:20:00.00     570046.18    -163325.96     361164.25 02-03    00    (     2.324710,      -17.021459)    672.27 0.03903
2009:095:12:20:00.00   -1023560.03     744518.83    -809972.44 02-04    00    (     1.850759,       37.964780)   1260.50 0.02926
2009:095:12:20:00.00   -2976043.03    4398576.30   -1386078.19 02-05    00    (     0.236018,     -120.817555)  45836.50 0.00701
2009:095:12:20:00.00     197374.52    8539749.98     -38890.61 02-08    00    (     0.200021,      -20.335354)    504.20 0.10486
2009:095:12:20:00.00   -1593606.21     907844.79   -1171136.69 03-04    00    (     1.540374,       62.645580)   2000.00 0.02449
2009:095:12:20:00.00   -3546089.21    4561902.27   -1747242.44 03-05    00    (     0.197093,      -88.857821)  72727.30 0.00631
2009:095:12:20:00.00    -372671.66    8703075.94    -400054.86 03-08    00    (     0.265520,      -25.799691)    800.00 0.08121
2009:095:12:20:00.00   -1952483.00    3654057.48    -576105.75 04-05    00    (     0.298552,      168.180548) 136364.00 0.00335
2009:095:12:20:00.00    1220934.55    7795231.15     771081.82 04-08    00    (     0.133856,      -10.273230)   1500.00 0.06169
2009:095:12:20:00.00    3173417.55    4141173.67    1347187.58 05-08    00    (     0.245739,      144.474390)  54545.40 0.00909
2009:095:12:40:00.00   -3372996.29   -1070068.21      85079.22 01-02    00    (     0.942392,      147.311220)   1527.88 0.04233
2009:095:12:40:00.00   -2784448.94   -1257991.69     401882.65 01-03    00    (     1.005752,      117.109902)   2424.24 0.02926
2009:095:12:40:00.00   -4422994.12    -281526.73    -645499.77 01-04    00    (     0.740325,     -169.313115)   4545.45 0.03245
2009:095:12:40:00.00   -6257180.62    3452923.61   -1076619.58 01-05    00    (     0.241526,       -8.743603) 165289.00 0.01001
2009:095:12:40:00.00   -2817436.88    7453696.60      17359.89 01-08    00    (     0.223051,       12.156929)   1818.18 0.04662
2009:095:12:40:00.00     588547.36    -187923.47     316803.43 02-03    00    (     2.264332,      -19.517641)    672.27 0.03906
2009:095:12:40:00.00   -1049997.83     788541.48    -730578.99 02-04    00    (     1.798652,       38.624432)   1260.50 0.02932
2009:095:12:40:00.00   -2884184.33    4522991.82   -1161698.80 02-05    00    (     0.233816,     -124.101450)  45836.50 0.00696
2009:095:12:40:00.00     555559.41    8523764.82     -67719.33 02-08    00    (     0.124947,      -30.989771)    504.20 0.10971
2009:095:12:40:00.00   -1638545.18     976464.96   -1047382.42 03-04    00    (     1.488871,       64.167994)   2000.00 0.02462
2009:095:12:40:00.00   -3472731.69    4710915.29   -1478502.23 03-05    00    (     0.200362,      -84.094750)  72727.30 0.00626
2009:095:12:40:00.00     -32987.94    8711688.29    -384522.76 03-08    00    (     0.072630,      -11.547230)    800.00 0.08392
2009:095:12:40:00.00   -1834186.50    3734450.34    -431119.81 04-05    00    (     0.281456,      168.073504) 136364.00 0.00333
2009:095:12:40:00.00    1605557.24    7735223.33     662859.66 04-08    00    (     0.099902,      -94.710965)   1500.00 0.06601
2009:095:12:40:00.00    3439743.74    4000773.00    1093979.47 05-08    00    (     0.280623,      138.159008)  54545.40 0.00969
2009:095:13:00:00.00   -3398937.26    -926296.73     344366.48 01-02    00    (     0.918829,      146.504393)   1527.88 0.04224
2009:095:13:00:00.00   -2796392.48   -1139507.68     615564.76 01-03    00    (     1.003834,      119.026690)   2424.24 0.02913
2009:095:13:00:00.00   -4467337.98     -92780.60    -305102.19 01-04    00    (     0.817269,     -171.928939)   4545.45 0.03259
2009:095:13:00:00.00   -6169192.23    3716741.62    -600832.26 01-05    00    (     0.229004,       -6.322487) 165289.00 0.00964
2009:095:13:00:00.00   -2489444.28    7566364.30     220552.47 01-08    00    (     0.149349,       45.958116)   1818.18 0.04560
2009:095:13:00:00.00     602544.78    -213210.95     271198.28 02-03    00    (     2.267977,      -18.754850)    672.27 0.03908
2009:095:13:00:00.00   -1068400.71     833516.13    -649468.66 02-04    00    (     1.778034,       41.775715)   1260.50 0.02936
2009:095:13:00:00.00   -2770254.97    4643038.35    -945198.74 02-05    00    (     0.209616,     -121.181561)  45836.50 0.00689
2009:095:13:00:00.00     909492.98    8492661.03    -123814.01 02-08    00    (     0.300503,      -49.133086)    504.20 0.11547
2009:095:13:00:00.00   -1670945.50    1046727.07    -920666.95 03-04    00    (     1.404076,       64.556217)   2000.00 0.02472
2009:095:13:00:00.00   -3372799.75    4856249.30   -1216397.02 03-05    00    (     0.184288,      -78.432217)  72727.30 0.00619
2009:095:13:00:00.00     306948.20    8705871.98    -395012.29 03-08    00    (     0.062416,      -34.586166)    800.00 0.08727
2009:095:13:00:00.00   -1701854.25    3809522.22    -295730.07 04-05    00    (     0.266416,      168.968288) 136364.00 0.00331
2009:095:13:00:00.00    1977893.70    7659144.91     525654.65 04-08    00    (     0.064790,      -14.315887)   1500.00 0.07099
2009:095:13:00:00.00    3679747.95    3849622.68     821384.73 05-08    00    (     0.278041,      133.534732)  54545.40 0.01027
2009:095:13:20:00.00   -3398868.52    -781975.96     604644.35 01-02    00    (     0.930838,      146.233654)   1527.88 0.04186
2009:095:13:20:00.00   -2786937.17   -1020970.84     829342.15 01-03    00    (     1.092022,      120.454872)   2424.24 0.02886
2009:095:13:20:00.00   -4477496.40      97122.64      37382.22 01-04    00    (     0.804441,     -168.184386)   4545.45 0.03237
2009:095:13:20:00.00   -6033995.28    3975821.30    -133590.36 01-05    00    (     0.220224,       -2.807696) 165289.00 0.00913
2009:095:13:20:00.00   -2142401.68    7664700.68     397898.96 01-08    00    (     0.144347,       35.076123)   1818.18 0.04487
2009:095:13:20:00.00     611931.36    -238994.87     224697.80 02-03    00    (     2.279510,      -21.641696)    672.27 0.03909
2009:095:13:20:00.00   -1078627.87     879098.60    -567262.13 02-04    00    (     1.714325,       42.007647)   1260.50 0.02940
2009:095:13:20:00.00   -2635126.76    4757797.27    -738234.71 02-05    00    (     0.197817,     -120.552670)  45836.50 0.00680
2009:095:13:20:00.00    1256466.84    8446676.64    -206745.39 02-08    00    (     0.265742,      -25.684621)    504.20 0.12214
2009:095:13:20:00.00   -1690559.23    1118093.48    -791959.93 03-04    00    (     1.376293,       67.250706)   2000.00 0.02478
2009:095:13:20:00.00   -3247058.11    4996792.14    -962932.51 03-05    00    (     0.164359,      -76.173225)  72727.30 0.00610
2009:095:13:20:00.00     644535.49    8685671.51    -431443.19 03-08    00    (     0.081353,       18.451240)    800.00 0.09126
2009:095:13:20:00.00   -1556498.88    3878698.67    -170972.58 04-05    00    (     0.260687,      169.172034) 136364.00 0.00328
2009:095:13:20:00.00    2335094.72    7567578.04     360516.74 04-08    00    (     0.170746,       -1.566537)   1500.00 0.07656
2009:095:13:20:00.00    3891593.60    3688879.37     531489.32 05-08    00    (     0.289816,      127.688866)  54545.40 0.01081
2009:095:13:40:00.00   -3372790.59    -638210.30     863921.11 01-02    00    (     0.991990,      139.055082)   1527.88 0.04122
2009:095:13:40:00.00   -2756155.35    -903288.25    1041578.91 01-03    00    (     1.109914,      115.069769)   2424.24 0.02847
2009:095:13:40:00.00   -4453391.63     286729.79     379332.64 01-04    00    (     0.788062,     -168.008860)   4545.45 0.03179
2009:095:13:40:00.00   -5852624.33    4228180.10     321530.63 01-05    00    (     0.224331,       -5.594995) 165289.00 0.00851
2009:095:13:40:00.00   -1778964.76    7747953.22     548042.25 01-08    00    (     0.068561,        0.178959)   1818.18 0.04449
2009:095:13:40:00.00     616635.24    -265077.95     177657.81 02-03    00    (     2.249837,      -22.034296)    672.27 0.03910
2009:095:13:40:00.00   -1080601.04     924940.10    -484588.47 02-04    00    (     1.711910,       41.125656)   1260.50 0.02941
2009:095:13:40:00.00   -2479833.74    4866390.40    -542390.48 02-05    00    (     0.187448,     -118.316800)  45836.50 0.00671
2009:095:13:40:00.00    1593825.83    8386163.52    -315878.86 02-08    00    (     0.064137,      -14.195501)    504.20 0.12970
2009:095:13:40:00.00   -1697236.28    1190018.04    -662246.28 03-04    00    (     1.361718,       66.707849)   2000.00 0.02481
2009:095:13:40:00.00   -3096468.98    5131468.35    -720048.29 03-05    00    (     0.165961,      -78.840171)  72727.30 0.00600
2009:095:13:40:00.00     977190.59    8651241.47    -493536.67 03-08    00    (     0.289531,        7.884223)    800.00 0.09590
2009:095:13:40:00.00   -1399232.71    3941450.31     -57802.01 04-05    00    (     0.240185,      171.074356) 136364.00 0.00326
2009:095:13:40:00.00    2674426.87    7461223.42     168709.61 04-08    00    (     0.243926,      -25.681013)   1500.00 0.08265
2009:095:13:40:00.00    4073659.58    3519773.12     226511.62 05-08    00    (     0.304534,      123.700626)  54545.40 0.01128
2009:095:14:00:00.00   -3320903.02    -496099.89    1120212.68 01-02    00    (     1.085046,      141.698245)   1527.88 0.04034
2009:095:14:00:00.00   -2704282.58    -787360.46    1250650.96 01-03    00    (     1.138272,      112.243955)   2424.24 0.02797
2009:095:14:00:00.00   -4395208.13     474589.93     718132.36 01-04    00    (     0.796022,     -167.826921)   4545.45 0.03089
2009:095:14:00:00.00   -5626467.30    4471886.87     761047.97 01-05    00    (     0.232070,       -6.750317) 165289.00 0.00783
2009:095:14:00:00.00   -1401914.65    7815484.86     669833.39 01-08    00    (     0.144008,       27.055101)   1818.18 0.04449
2009:095:14:00:00.00     616620.44    -291260.57     130438.28 02-03    00    (     2.220781,      -18.539936)    672.27 0.03910
2009:095:14:00:00.00   -1074305.11     970689.82    -402080.32 02-04    00    (     1.702949,       40.975516)   1260.50 0.02941
2009:095:14:00:00.00   -2305564.27    4967986.76    -359164.71 02-05    00    (     0.174075,     -118.137886)  45836.50 0.00662
2009:095:14:00:00.00    1918988.38    8311584.74    -450379.29 02-08    00    (     0.136286,     -146.448533)    504.20 0.13806
2009:095:14:00:00.00   -1690925.55    1261950.39    -532518.60 03-04    00    (     1.320796,       69.224956)   2000.00 0.02481
2009:095:14:00:00.00   -2922184.71    5259247.33    -489602.99 03-05    00    (     0.155571,      -72.359913)  72727.30 0.00588
2009:095:14:00:00.00    1302367.94    8602845.32    -580817.57 03-08    00    (     0.232110,      -45.699391)    800.00 0.10116
2009:095:14:00:00.00   -1231259.17    3997296.94      42915.61 04-05    00    (     0.236204,      173.062708) 136364.00 0.00325
2009:095:14:00:00.00    2993293.48    7340894.93     -48298.97 04-08    00    (     0.125955,       -4.974823)   1500.00 0.08912
2009:095:14:00:00.00    4224552.65    3343597.98     -91214.58 05-08    00    (     0.334937,      130.807795)  54545.40 0.01166
2009:095:14:20:00.00   -3243602.88    -356732.20    1371557.84 01-02    00    (     1.022949,      139.971458)   1527.88 0.03925
2009:095:14:20:00.00   -2631715.82    -674074.59    1454958.40 01-03    00    (     1.162735,      109.885762)   2424.24 0.02737
2009:095:14:20:00.00   -4303391.15     659265.47    1051188.78 01-04    00    (     0.849530,     -168.486095)   4545.45 0.02974
2009:095:14:20:00.00   -5357254.81    4705076.70    1181598.34 01-05    00    (     0.232409,       -7.936980) 165289.00 0.00714
2009:095:14:20:00.00   -1014136.67    7866778.81     762340.40 01-08    00    (     0.198641,       32.442299)   1818.18 0.04490
2009:095:14:20:00.00     611887.07    -317342.39      83400.56 02-03    00    (     2.193443,      -19.216595)    672.27 0.03909
2009:095:14:20:00.00   -1059788.27    1015997.67    -320369.06 02-04    00    (     1.627343,       41.028842)   1260.50 0.02939
2009:095:14:20:00.00   -2113651.92    5061808.90    -189959.50 02-05    00    (     0.162878,     -122.319221)  45836.50 0.00654
2009:095:14:20:00.00    2229466.22    8223511.01    -609217.44 02-08    00    (     0.288502,      162.847654)    504.20 0.14707
2009:095:14:20:00.00   -1671675.34    1333340.06    -403769.62 03-04    00    (     1.283818,       67.303624)   2000.00 0.02477
2009:095:14:20:00.00   -2725538.99    5379151.29    -273360.06 03-05    00    (     0.151387,      -77.527551)  72727.30 0.00576
2009:095:14:20:00.00    1617579.15    8540853.40    -692618.00 03-08    00    (     0.172291,        1.200795)    800.00 0.10701
2009:095:14:20:00.00   -1053863.66    4045811.23     130409.56 04-05    00    (     0.226824,      172.481215) 136364.00 0.00324
2009:095:14:20:00.00    3289254.48    7207513.34    -288848.38 04-08    00    (     0.125343,       -6.450333)   1500.00 0.09578
2009:095:14:20:00.00    4343118.14    3161702.11    -419257.94 05-08    00    (     0.359094,      131.814448)  54545.40 0.01191
2009:095:14:40:00.00   -3141481.69    -221173.70    1616033.23 01-02    00    (     1.156147,      129.919123)   1527.88 0.03801
2009:095:14:40:00.00   -2539010.34    -564297.52    1652937.81 01-03    00    (     1.210073,      103.229188)   2424.24 0.02671
2009:095:14:40:00.00   -4178643.29     839343.24    1375953.26 01-04    00    (     0.854726,     -171.460942)   4545.45 0.02838
2009:095:14:40:00.00   -5047046.94    4925965.15    1579963.58 01-05    00    (     0.220662,       -7.266874) 165289.00 0.00648
2009:095:14:40:00.00    -618598.19    7901442.58     824855.39 01-08    00    (     0.132176,       36.784816)   1818.18 0.04577
2009:095:14:40:00.00     602471.35    -343123.82      36904.58 02-03    00    (     2.178403,      -23.571192)    672.27 0.03907
2009:095:14:40:00.00   -1037161.60    1060516.95    -240079.97 02-04    00    (     1.615158,       40.194604)   1260.50 0.02936
2009:095:14:40:00.00   -1905565.25    5147138.86     -36069.65 02-05    00    (     0.166593,     -128.314017)  45836.50 0.00646
2009:095:14:40:00.00    2522883.50    8122616.28    -791177.84 02-08    00    (     0.351361,       51.741249)    504.20 0.15655
2009:095:14:40:00.00   -1639632.95    1403640.77    -276984.55 03-04    00    (     1.286369,       67.575227)   2000.00 0.02470
2009:095:14:40:00.00   -2508036.60    5490262.68     -72974.23 03-05    00    (     0.137822,      -77.807625)  72727.30 0.00565
2009:095:14:40:00.00    1920412.15    8465740.10    -828082.42 03-08    00    (     0.190892,      -30.095942)    800.00 0.11335
2009:095:14:40:00.00    -868403.65    4086621.91     204010.32 04-05    00    (     0.220847,      176.190165) 136364.00 0.00323
2009:095:14:40:00.00    3560045.10    7062099.34    -551097.88 04-08    00    (     0.078802,      169.748208)   1500.00 0.10238
2009:095:14:40:00.00    4428448.75    2975477.43    -755108.19 05-08    00    (     0.359928,      130.366226)  54545.40 0.01202
2009:095:15:00:00.00   -3015320.91     -90461.75    1851768.05 01-02    00    (     1.199133,      120.339714)   1527.88 0.03666
2009:095:15:00:00.00   -2426875.58    -458869.32    1843074.20 01-03    00    (     1.271574,       95.506135)   2424.24 0.02600
2009:095:15:00:00.00   -4021919.16    1013445.23    1689940.60 01-04    00    (     0.792262,     -177.524203)   4545.45 0.02690
2009:095:15:00:00.00    -218326.01    7919210.89     856899.97 01-08    00    (     0.156916,       27.200196)   1818.18 0.04712
2009:095:15:00:00.00     588445.34    -368407.57      -8693.85 02-03    00    (     2.230279,      -18.836118)    672.27 0.03905
2009:095:15:00:00.00   -1006598.25    1103906.98    -161827.44 02-04    00    (     1.603178,       38.162915)   1260.50 0.02931
2009:095:15:00:00.00    2796994.91    8009672.64    -994868.08 02-08    00    (     0.387215,      -82.898150)    504.20 0.16621
2009:095:15:00:00.00   -1595043.58    1472314.55    -153133.60 03-04    00    (     1.250800,       66.301073)   2000.00 0.02460
2009:095:15:00:00.00    2208549.57    8378080.21    -986174.23 03-08    00    (     0.194123,      -30.648273)    800.00 0.12005
2009:095:15:00:00.00    3803593.15    6905765.67    -833040.63 04-08    00    (     0.129435,      -10.417883)   1500.00 0.10863
2009:095:15:20:00.00     183616.87    7919947.79     858228.93 01-08    00    (     0.101958,       45.832851)   1818.18 0.04899
2009:095:15:40:00.00     584154.66    7903647.62     828832.10 01-08    00    (     0.168955,        2.412435)   1818.18 0.05141
2009:095:16:00:00.00     980222.31    7870435.12     768934.44 01-08    00    (     0.159064,      -16.048250)   1818.18 0.05440
2009:095:16:20:00.00    1368789.00    7820564.46     678994.29 01-08    00    (     0.101819,       30.680462)   1818.18 0.05798
2009:095:16:40:00.00    1746881.30    7754417.24     559699.90 01-08    00    (     0.244514,      -12.749004)   1818.18 0.06215
2009:095:17:00:00.00    2111605.92    7672499.65     411964.17 01-08    00    (     0.262521,      -18.070005)   1818.18 0.06689
2009:095:17:20:00.00    2460171.87    7575438.56     236917.60 01-08    00    (     0.136564,      -22.344574)   1818.18 0.07214
2009:095:17:40:00.00    2789911.84    7463976.70      35899.70 01-08    00    (     0.239665,      -14.825624)   1818.18 0.07782
2009:095:18:00:00.00    3098302.54    7338967.00    -189551.27 01-08    00    (     0.173906,       34.476137)   1818.18 0.08376
2009:095:18:20:00.00    3382984.07    7201366.09    -437710.09 01-08    00    (     0.151413,       13.469321)   1818.18 0.08979
2009:095:18:40:00.00    3641777.97    7052226.93    -706677.78 01-08    00    (     0.161105,      -73.752506)   1818.18 0.09565
2009:095:19:00:00.00    3872703.85    6892690.78    -994396.11 01-08    00    (     0.065514,      -28.604901)   1818.18 0.10106
