Below is the closure phase versus time for each triangle.
Amplitudes are in Janskys, phases are in degrees, and baselines
correspond to the telescope number designated in each column.
(For triangle 1-2-3, Amp.1 is on baseline 1-2, Amp.2 on 1-3, etc.)
Time                  Triangle  Cl. Phase        U1            V1           A1       P1         U2            V2           A2       P2           U3            V3           A3       P3
(UT)                 (t1-t2-t3)  (Degrees)    (t1-t2)                                         (t1-t3)                                         (t2-t3)
2009:095:02:40:00.00  06-07-08     8.5985    -728019.61    -396302.72     2.085   23.7528   -2237924.27    8362557.16     0.095  135.0530   -1509904.66    8758859.88     0.107  150.2073
2009:095:03:00:00.00  06-07-08     9.4396    -720057.09    -365559.34     2.107   23.7850   -1950240.40    8451473.96     0.095  138.2708   -1230183.31    8817033.29     0.107  152.6162
2009:095:03:20:00.00  06-07-08     9.7631    -706584.46    -335271.03     2.130   23.5958   -1647632.68    8527858.57     0.095  141.1842    -941048.22    8863129.61     0.108  155.0168
2009:095:03:40:00.00  05-06-07   -23.0174   -3142745.96   -5780204.44     0.180   -4.9849   -3830450.80   -6085874.02     0.135    5.1543    -687704.83    -305669.59     2.154   23.1868
2009:095:03:40:00.00  05-06-08    99.7629   -3142745.96   -5780204.44     0.180   -4.9849   -4475162.73    2810922.06     0.308 -111.2193   -1332416.76    8591126.49     0.095  144.0329
2009:095:03:40:00.00  05-07-08    96.6577   -3830450.80   -6085874.02     0.135    5.1543   -4475162.73    2810922.06     0.308 -111.2193    -644711.93    8896796.08     0.108  157.2773
2009:095:03:40:00.00  06-07-08     9.9424    -687704.83    -305669.59     2.154   23.1868   -1332416.76    8591126.49     0.095  144.0329    -644711.93    8896796.08     0.108  157.2773
2009:095:04:00:00.00  05-06-07   -22.6209   -3412304.72   -5641037.48     0.180   -5.6981   -4075867.40   -5918018.99     0.137    5.6388    -663562.68    -276981.51     2.178   22.5616
2009:095:04:00:00.00  05-06-08   100.9086   -3412304.72   -5641037.48     0.180   -5.6981   -4419309.51    2999756.09     0.284 -106.3565   -1007004.78    8640793.57     0.094  147.0368
2009:095:04:00:00.00  05-07-08    99.7576   -4075867.40   -5918018.99     0.137    5.6388   -4419309.51    2999756.09     0.284 -106.3565    -343442.11    8917775.08     0.108  159.5247
2009:095:04:00:00.00  06-07-08    10.0736    -663562.68    -276981.51     2.178   22.5616   -1007004.78    8640793.57     0.094  147.0368    -343442.11    8917775.08     0.108  159.5247
2009:095:04:20:00.00  05-06-07   -22.4255   -3655751.47   -5490979.16     0.181   -6.4338   -4290094.21   -5740405.50     0.140    5.7337    -634342.74    -249426.34     2.203   21.7253
2009:095:04:20:00.00  05-06-08   100.8609   -3655751.47   -5490979.16     0.181   -6.4338   -4329638.37    3185500.56     0.263 -102.6451    -673886.89    8676479.72     0.093  150.0601
2009:095:04:20:00.00  05-07-08   101.3056   -4290094.21   -5740405.50     0.140    5.7337   -4329638.37    3185500.56     0.263 -102.6451     -39544.16    8925906.06     0.108  161.7830
2009:095:04:20:00.00  06-07-08    10.0025    -634342.74    -249426.34     2.203   21.7253    -673886.89    8676479.72     0.093  150.0601     -39544.16    8925906.06     0.108  161.7830
2009:095:04:40:00.00  05-06-07   -22.8712   -3871223.28   -5331177.78     0.181   -7.3853   -4471491.88   -5554392.72     0.144    5.1994    -600268.61    -223214.93     2.227   20.6853
2009:095:04:40:00.00  05-06-08    99.3520   -3871223.28   -5331177.78     0.181   -7.3853   -4206835.50    3366734.10     0.246 -100.1075    -335612.23    8697911.89     0.093  153.1552
2009:095:04:40:00.00  05-07-08   101.1236   -4471491.88   -5554392.72     0.144    5.1994   -4206835.50    3366734.10     0.246 -100.1075     264656.38    8921126.82     0.108  163.9683
2009:095:04:40:00.00  06-07-08     9.8722    -600268.61    -223214.93     2.227   20.6853    -335612.23    8697911.89     0.093  153.1552     264656.38    8921126.82     0.108  163.9683
2009:095:05:00:00.00  05-06-07   -24.0984   -4057071.29   -5162856.18     0.182   -8.6133   -4618672.33   -5361404.05     0.150    3.9658    -561601.04    -198547.87     2.252   19.4509
2009:095:05:00:00.00  05-06-08    96.2287   -4057071.29   -5162856.18     0.182   -8.6133   -4051840.63    3542069.87     0.231  -98.7433       5230.66    8704926.05     0.092  156.4147
2009:095:05:00:00.00  05-07-08    99.0743   -4618672.33   -5361404.05     0.150    3.9658   -4051840.63    3542069.87     0.231  -98.7433     566831.70    8903473.92     0.108  166.1482
2009:095:05:00:00.00  06-07-08     9.7174    -561601.04    -198547.87     2.252   19.4509       5230.66    8704926.05     0.092  156.4147     566831.70    8903473.92     0.108  166.1482
2009:095:05:20:00.00  05-06-07   -26.3072   -4211873.35   -4987302.41     0.184  -10.1604   -4730509.27   -5162916.31     0.157    1.8871    -518635.92    -175613.90     2.275   18.0339
2009:095:05:20:00.00  05-06-08    91.6528   -4211873.35   -4987302.41     0.184  -10.1604   -3865839.82    3710166.13     0.217  -98.5351     346033.52    8697468.54     0.092  159.6518
2009:095:05:20:00.00  05-07-08    95.0367   -4730509.27   -5162916.31     0.157    1.8871   -3865839.82    3710166.13     0.217  -98.5351     864669.45    8873082.44     0.108  168.3153
2009:095:05:20:00.00  06-07-08     9.3705    -518635.92    -175613.90     2.275   18.0339     346033.52    8697468.54     0.092  159.6518     864669.45    8873082.44     0.108  168.3153
2009:095:05:40:00.00  05-06-07   -29.5398   -4334444.85   -4805859.86     0.185  -12.1798   -4806146.90   -4960448.40     0.166   -0.9113    -471702.05    -154588.54     2.298   16.4486
2009:095:05:40:00.00  05-06-08    85.8868   -4334444.85   -4805859.86     0.185  -12.1798   -3650256.42    3869736.56     0.206  -98.9632     684188.43    8675596.42     0.091  162.9702
2009:095:05:40:00.00  05-07-08    89.6798   -4806146.90   -4960448.40     0.166   -0.9113   -3650256.42    3869736.56     0.206  -98.9632    1155890.48    8830184.96     0.107  170.4457
2009:095:05:40:00.00  06-07-08     8.9731    -471702.05    -154588.54     2.298   16.4486     684188.43    8675596.42     0.091  162.9702    1155890.48    8830184.96     0.107  170.4457
2009:095:06:00:00.00  05-06-07   -33.8879   -4423847.84   -4619917.00     0.185  -14.8026   -4845006.40   -4755549.67     0.174   -4.3740    -421158.56    -135632.67     2.319   14.7113
2009:095:06:00:00.00  05-06-08    78.8021   -4423847.84   -4619917.00     0.185  -14.8026   -3406740.13    4019560.07     0.197 -100.0959    1017107.70    8639477.06     0.090  166.2994
2009:095:06:00:00.00  05-07-08    82.9374   -4845006.40   -4755549.67     0.174   -4.3740   -3406740.13    4019560.07     0.197 -100.0959    1438266.27    8775109.73     0.106  172.5928
2009:095:06:00:00.00  06-07-08     8.4180    -421158.56    -135632.67     2.319   14.7113    1017107.70    8639477.06     0.090  166.2994    1438266.27    8775109.73     0.106  172.5928
2009:095:06:20:00.00  05-06-07   -39.4940   -4479398.18   -4430896.70     0.185  -18.1581   -4846790.42   -4549788.04     0.181   -8.4954    -367392.24    -118891.35     2.338   12.8405
2009:095:06:20:00.00  05-06-08    69.5862   -4479398.18   -4430896.70     0.185  -18.1581   -3137154.41    4158490.17     0.188 -102.6360    1342243.77    8589386.87     0.090  169.6196
2009:095:06:20:00.00  05-07-08    74.1624   -4846790.42   -4549788.04     0.181   -8.4954   -3137154.41    4158490.17     0.188 -102.6360    1709636.01    8708278.22     0.105  174.7061
2009:095:06:20:00.00  06-07-08     7.7540    -367392.24    -118891.35     2.338   12.8405    1342243.77    8589386.87     0.090  169.6196    1709636.01    8708278.22     0.105  174.7061
2009:095:06:40:00.00  05-06-07   -46.9877   -4500670.79   -4240245.41     0.183  -22.6325   -4811485.31   -4344738.09     0.186  -13.4991    -310814.52    -104492.68     2.356   10.8561
2009:095:06:40:00.00  05-06-08    58.2602   -4500670.79   -4240245.41     0.183  -22.6325   -2843562.22    4285463.74     0.179 -106.1975    1657108.57    8525709.14     0.089  172.9097
2009:095:06:40:00.00  05-07-08    63.5390   -4811485.31   -4344738.09     0.186  -13.4991   -2843562.22    4285463.74     0.179 -106.1975    1967923.09    8630201.83     0.104  176.7644
2009:095:06:40:00.00  06-07-08     7.0015    -310814.52    -104492.68     2.356   10.8561    1657108.57    8525709.14     0.089  172.9097    1967923.09    8630201.83     0.104  176.7644
2009:095:07:00:00.00  05-06-08    45.1680   -4487502.87   -4049422.05     0.178  -28.4888   -2528210.21    4399509.11     0.171 -110.2701    1959292.66    8448931.16     0.088  176.0731
2009:095:07:20:00.00  04-05-06   118.2826   -1755113.68    2297325.57     0.712  112.9678   -6195108.88   -1562561.29     0.198  -30.9123   -4439995.19   -3859886.86     0.169  -36.2271
2009:095:07:20:00.00  04-05-08   -80.4925   -1755113.68    2297325.57     0.712  112.9678   -3948625.23    6797079.17     0.099   51.1480   -2193511.55    4499753.59     0.163 -115.3917
2009:095:07:20:00.00  04-06-08  -159.0908   -6195108.88   -1562561.29     0.198  -30.9123   -3948625.23    6797079.17     0.099   51.1480    2246483.64    8359640.46     0.087  179.3265
2009:095:07:20:00.00  05-06-08    29.0547   -4439995.19   -3859886.86     0.169  -36.2271   -2193511.55    4499753.59     0.163 -115.3917    2246483.64    8359640.46     0.087  179.3265
2009:095:07:40:00.00  04-05-08   -63.1498   -1882082.24    2374545.03     0.677  121.0388   -3724109.72    6959975.11     0.094   54.6648   -1842027.48    4585430.07     0.155 -121.1465
2009:095:08:00:00.00  04-05-08   -46.8321   -1994648.54    2456849.94     0.642  128.5358   -3471096.17    7112732.87     0.090   57.6113   -1476447.64    4655882.93     0.147 -127.0207
2009:095:08:20:00.00  04-05-08   -31.7252   -2091951.17    2543610.47     0.606  135.6451   -3191520.72    7254183.52     0.086   59.5552   -1099569.56    4710573.05     0.139 -133.0744
2009:095:08:40:00.00  04-05-08   -18.2656   -2173245.54    2634162.69     0.570  142.3029   -2887522.77    7383244.61     0.082   60.4762    -714277.23    4749081.91     0.132 -138.9553
2009:095:09:00:00.00  04-05-08    -6.1295   -2237909.56    2727813.69     0.534  148.4405   -2561428.62    7498928.53     0.078   60.4933    -323519.05    4771114.84     0.124 -144.9367
2009:095:09:20:00.00  02-04-05    55.4898    -495096.53     447014.04     2.241   21.9951   -2780544.94    3270860.85     0.359 -172.5045   -2285448.41    2823846.81     0.500  154.0009
2009:095:09:20:00.00  02-04-08    82.2386    -495096.53     447014.04     2.241   21.9951   -2710830.13    8047364.08     0.087  119.7190   -2215733.61    7600350.03     0.074   59.4756
2009:095:09:20:00.00  02-05-08    98.2180   -2780544.94    3270860.85     0.359 -172.5045   -2710830.13    8047364.08     0.087  119.7190      69714.81    4776503.23     0.114 -151.0034
2009:095:09:20:00.00  04-05-08     4.4799   -2285448.41    2823846.81     0.500  154.0009   -2215733.61    7600350.03     0.074   59.4756      69714.81    4776503.23     0.114 -151.0034
2009:095:09:40:00.00  02-04-05    62.8808    -577172.55     469778.84     2.214   25.4992   -2892670.86    3391306.02     0.322 -163.4394   -2315498.31    2921527.18     0.469  159.1789
2009:095:09:40:00.00  02-04-08    91.2524    -577172.55     469778.84     2.214   25.4992   -2430255.67    8156511.86     0.086  123.8061   -1853083.12    7686733.02     0.070   58.0528
2009:095:09:40:00.00  02-05-08   118.4135   -2892670.86    3391306.02     0.322 -163.4394   -2430255.67    8156511.86     0.086  123.8061     462415.19    4765205.84     0.103 -158.0468
2009:095:09:40:00.00  04-05-08    15.2786   -2315498.31    2921527.18     0.469  159.1789   -1853083.12    7686733.02     0.070   58.0528     462415.19    4765205.84     0.103 -158.0468
2009:095:10:00:00.00  02-04-05    70.8613    -654831.86     495934.90     2.183   28.8935   -2982661.16    3516042.21     0.288 -154.1927   -2327829.30    3020107.31     0.441  163.8395
2009:095:10:00:00.00  02-04-08   100.2733    -654831.86     495934.90     2.183   28.8935   -2131084.13    8253351.36     0.086  127.5903   -1476252.27    7757416.45     0.066   56.2105
2009:095:10:00:00.00  02-05-08   139.3519   -2982661.16    3516042.21     0.288 -154.1927   -2131084.13    8253351.36     0.086  127.5903     851577.03    4737309.14     0.090 -165.9542
2009:095:10:00:00.00  04-05-08    26.0043   -2327829.30    3020107.31     0.441  163.8395   -1476252.27    7757416.45     0.066   56.2105     851577.03    4737309.14     0.090 -165.9542
2009:095:10:20:00.00  02-03-04   -29.0686     384227.96     -43847.29     2.360  -14.0453    -727480.21     525282.07     2.151   32.1391   -1111708.16     569129.36     2.010   47.1624
2009:095:10:20:00.00  02-03-05   -33.5674     384227.96     -43847.29     2.360  -14.0453   -3049827.22    3644114.92     0.258 -144.7920   -3434055.18    3687962.20     0.233 -125.2699
2009:095:10:20:00.00  02-03-08   -18.6160     384227.96     -43847.29     2.360  -14.0453   -1815604.89    8337141.51     0.085  131.2328   -2199832.84    8380988.80     0.095  135.8034
2009:095:10:20:00.00  02-04-05    79.3684    -727480.21     525282.07     2.151   32.1391   -3049827.22    3644114.92     0.258 -144.7920   -2322347.02    3118832.84     0.413  167.9787
2009:095:10:20:00.00  02-04-08   109.2517    -727480.21     525282.07     2.151   32.1391   -1815604.89    8337141.51     0.085  131.2328   -1088124.68    7811859.44     0.061   54.1202
2009:095:10:20:00.00  02-05-08   162.7709   -3049827.22    3644114.92     0.258 -144.7920   -1815604.89    8337141.51     0.085  131.2328    1234222.33    4693026.59     0.077 -176.3301
2009:095:10:20:00.00  03-04-05   113.9138   -1111708.16     569129.36     2.010   47.1624   -3434055.18    3687962.20     0.233 -125.2699   -2322347.02    3118832.84     0.413  167.9787
2009:095:10:20:00.00  03-04-08   128.8457   -1111708.16     569129.36     2.010   47.1624   -2199832.84    8380988.80     0.095  135.8034   -1088124.68    7811859.44     0.061   54.1202
2009:095:10:20:00.00  03-05-08  -173.1364   -3434055.18    3687962.20     0.233 -125.2699   -2199832.84    8380988.80     0.095  135.8034    1234222.33    4693026.59     0.077 -176.3301
2009:095:10:20:00.00  04-05-08    38.4290   -2322347.02    3118832.84     0.413  167.9787   -1088124.68    7811859.44     0.061   54.1202    1234222.33    4693026.59     0.077 -176.3301
2009:095:10:40:00.00  02-03-04   -32.8391     424972.52     -61027.01     2.350  -15.7898    -794561.64     557595.77     2.116   35.2030   -1219534.16     618622.78     1.943   52.2523
2009:095:10:40:00.00  02-03-05   -39.6884     424972.52     -61027.01     2.350  -15.7898   -3093655.06    3774544.07     0.233 -135.4153   -3518627.58    3835571.08     0.212 -111.5167
2009:095:10:40:00.00  02-03-08   -20.2215     424972.52     -61027.01     2.350  -15.7898   -1486232.09    8407241.13     0.084  134.5350   -1911204.60    8468268.15     0.095  138.9668
2009:095:10:40:00.00  02-04-05    88.1557    -794561.64     557595.77     2.116   35.2030   -3093655.06    3774544.07     0.233 -135.4153   -2299093.42    3216948.30     0.388  171.6319
2009:095:10:40:00.00  02-04-08   117.9832    -794561.64     557595.77     2.116   35.2030   -1486232.09    8407241.13     0.084  134.5350    -691670.44    7849645.36     0.056   51.7547
2009:095:10:40:00.00  02-05-08  -169.9946   -3093655.06    3774544.07     0.233 -135.4153   -1486232.09    8407241.13     0.084  134.5350    1607422.98    4632697.06     0.066  169.1143
2009:095:10:40:00.00  03-04-05   129.1038   -1219534.16     618622.78     1.943   52.2523   -3518627.58    3835571.08     0.212 -111.5167   -2299093.42    3216948.30     0.388  171.6319
2009:095:10:40:00.00  03-04-08   139.4644   -1219534.16     618622.78     1.943   52.2523   -1911204.60    8468268.15     0.095  138.9668    -691670.44    7849645.36     0.056   51.7547
2009:095:10:40:00.00  03-05-08  -141.6642   -3518627.58    3835571.08     0.212 -111.5167   -1911204.60    8468268.15     0.095  138.9668    1607422.98    4632697.06     0.066  169.1143
2009:095:10:40:00.00  04-05-08    54.2724   -2299093.42    3216948.30     0.388  171.6319    -691670.44    7849645.36     0.056   51.7547    1607422.98    4632697.06     0.066  169.1143
2009:095:11:00:00.00  02-03-04   -36.5857     462465.06     -79867.75     2.340  -17.4392    -855562.85     592628.73     2.080   38.0582   -1318027.91     672496.47     1.876   57.2047
2009:095:11:00:00.00  02-03-05   -45.0354     462465.06     -79867.75     2.340  -17.4392   -3113809.30    3906331.60     0.213 -125.5030   -3576274.36    3986199.35     0.199  -97.9067
2009:095:11:00:00.00  02-03-08   -21.3464     462465.06     -79867.75     2.340  -17.4392   -1145486.16    8463113.81     0.082  137.9193   -1607951.22    8542981.56     0.095  141.8266
2009:095:11:00:00.00  02-04-05    97.7286    -855562.85     592628.73     2.080   38.0582   -3113809.30    3906331.60     0.213 -125.5030   -2258246.45    3313702.87     0.365  174.8267
2009:095:11:00:00.00  02-04-08   127.1339    -855562.85     592628.73     2.080   38.0582   -1145486.16    8463113.81     0.082  137.9193    -289923.31    7870485.08     0.051   48.8436
2009:095:11:00:00.00  02-05-08  -137.8076   -3113809.30    3906331.60     0.213 -125.5030   -1145486.16    8463113.81     0.082  137.9193    1968323.14    4556782.21     0.059  150.2240
2009:095:11:00:00.00  03-04-05   144.4713   -1318027.91     672496.47     1.876   57.2047   -3576274.36    3986199.35     0.199  -97.9067   -2258246.45    3313702.87     0.365  174.8267
2009:095:11:00:00.00  03-04-08   150.1877   -1318027.91     672496.47     1.876   57.2047   -1607951.22    8542981.56     0.095  141.8266    -289923.31    7870485.08     0.051   48.8436
2009:095:11:00:00.00  03-05-08  -106.3041   -3576274.36    3986199.35     0.199  -97.9067   -1607951.22    8542981.56     0.095  141.8266    1968323.14    4556782.21     0.059  150.2240
2009:095:11:00:00.00  04-05-08    73.4463   -2258246.45    3313702.87     0.365  174.8267    -289923.31    7870485.08     0.051   48.8436    1968323.14    4556782.21     0.059  150.2240
2009:095:11:20:00.00  01-02-03   -75.9171   -3046456.05   -1588954.60     0.458  143.7945   -2550037.38   -1689179.92     0.454  121.3102     496418.67    -100225.32     2.330  -18.9782
2009:095:11:20:00.00  01-02-04   -80.8261   -3046456.05   -1588954.60     0.458  143.7945   -3956473.08    -958841.74     0.476  176.0634    -910017.03     630112.86     2.043   40.6840
2009:095:11:20:00.00  01-02-05  -133.7566   -3046456.05   -1588954.60     0.458  143.7945   -6156591.77    2449514.42     0.236  -33.5389   -3110135.71    4038469.02     0.198 -115.9879
2009:095:11:20:00.00  01-02-08    58.2107   -3046456.05   -1588954.60     0.458  143.7945   -3842430.68    6915377.38     0.095   55.9208    -795974.63    8504331.98     0.081  141.5045
2009:095:11:20:00.00  01-03-04  -124.5629   -2550037.38   -1689179.92     0.454  121.3102   -3956473.08    -958841.74     0.476  176.0634   -1406435.71     730338.18     1.809   61.9365
2009:095:11:20:00.00  01-03-05   173.4058   -2550037.38   -1689179.92     0.454  121.3102   -6156591.77    2449514.42     0.236  -33.5389   -3606554.39    4138694.34     0.191  -85.6345
2009:095:11:20:00.00  01-03-08    32.5528   -2550037.38   -1689179.92     0.454  121.3102   -3842430.68    6915377.38     0.095   55.9208   -1292393.30    8604557.30     0.095  144.6782
2009:095:11:20:00.00  01-04-05   -35.0595   -3956473.08    -958841.74     0.476  176.0634   -6156591.77    2449514.42     0.236  -33.5389   -2200118.68    3408356.16     0.344  177.5840
2009:095:11:20:00.00  01-04-08  -173.7827   -3956473.08    -958841.74     0.476  176.0634   -3842430.68    6915377.38     0.095   55.9208     114042.40    7874219.12     0.045   45.7669
2009:095:11:20:00.00  01-05-08  -105.7814   -6156591.77    2449514.42     0.236  -33.5389   -3842430.68    6915377.38     0.095   55.9208    2314161.08    4465862.96     0.059  128.1634
2009:095:11:20:00.00  02-03-04   -40.2307     496418.67    -100225.32     2.330  -18.9782    -910017.03     630112.86     2.043   40.6840   -1406435.71     730338.18     1.809   61.9365
2009:095:11:20:00.00  02-03-05   -49.3316     496418.67    -100225.32     2.330  -18.9782   -3110135.71    4038469.02     0.198 -115.9879   -3606554.39    4138694.34     0.191  -85.6345
2009:095:11:20:00.00  02-03-08   -22.1519     496418.67    -100225.32     2.330  -18.9782    -795974.63    8504331.98     0.081  141.5045   -1292393.30    8604557.30     0.095  144.6782
2009:095:11:20:00.00  02-04-05   107.1121    -910017.03     630112.86     2.043   40.6840   -3110135.71    4038469.02     0.198 -115.9879   -2200118.68    3408356.16     0.344  177.5840
2009:095:11:20:00.00  02-04-08   136.4216    -910017.03     630112.86     2.043   40.6840    -795974.63    8504331.98     0.081  141.5045     114042.40    7874219.12     0.045   45.7669
2009:095:11:20:00.00  02-05-08  -102.6467   -3110135.71    4038469.02     0.198 -115.9879    -795974.63    8504331.98     0.081  141.5045    2314161.08    4465862.96     0.059  128.1634
2009:095:11:20:00.00  03-04-05   158.7180   -1406435.71     730338.18     1.809   61.9365   -3606554.39    4138694.34     0.191  -85.6345   -2200118.68    3408356.16     0.344  177.5840
2009:095:11:20:00.00  03-04-08   160.8478   -1406435.71     730338.18     1.809   61.9365   -1292393.30    8604557.30     0.095  144.6782     114042.40    7874219.12     0.045   45.7669
2009:095:11:20:00.00  03-05-08   -69.1196   -3606554.39    4138694.34     0.191  -85.6345   -1292393.30    8604557.30     0.095  144.6782    2314161.08    4465862.96     0.059  128.1634
2009:095:11:20:00.00  04-05-08    95.1876   -2200118.68    3408356.16     0.344  177.5840     114042.40    7874219.12     0.045   45.7669    2314161.08    4465862.96     0.059  128.1634
2009:095:11:40:00.00  01-02-03   -70.1760   -3167160.00   -1457036.46     0.485  146.4315   -2640586.46   -1578980.42     0.489  122.9997     526573.54    -121943.95     2.320  -20.3928
2009:095:11:40:00.00  01-02-04   -73.4056   -3167160.00   -1457036.46     0.485  146.4315   -4124667.48    -787275.14     0.477 -176.7719    -957507.48     669761.32     2.006   43.0652
2009:095:11:40:00.00  01-02-05  -128.7088   -3167160.00   -1457036.46     0.485  146.4315   -6249822.41    2712908.71     0.216  -22.3589   -3082662.41    4169945.17     0.187 -107.2186
2009:095:11:40:00.00  01-02-08    60.9203   -3167160.00   -1457036.46     0.485  146.4315   -3607532.05    7073543.76     0.091   59.6396    -440372.05    8530580.23     0.079  145.1508
2009:095:11:40:00.00  01-03-04  -120.1322   -2640586.46   -1578980.42     0.489  122.9997   -4124667.48    -787275.14     0.477 -176.7719   -1484081.02     791705.28     1.747   66.3599
2009:095:11:40:00.00  01-03-05   175.7079   -2640586.46   -1578980.42     0.489  122.9997   -6249822.41    2712908.71     0.216  -22.3589   -3609235.95    4291889.13     0.188  -75.0671
2009:095:11:40:00.00  01-03-08    34.9549   -2640586.46   -1578980.42     0.489  122.9997   -3607532.05    7073543.76     0.091   59.6396    -966945.59    8652524.18     0.094  147.6843
2009:095:11:40:00.00  01-04-05   -19.0535   -4124667.48    -787275.14     0.477 -176.7719   -6249822.41    2712908.71     0.216  -22.3589   -2125154.93    3500183.85     0.325  179.9227
2009:095:11:40:00.00  01-04-08  -158.4100   -4124667.48    -787275.14     0.477 -176.7719   -3607532.05    7073543.76     0.091   59.6396     517135.43    7860818.91     0.040   41.2776
2009:095:11:40:00.00  01-05-08   -71.8128   -6249822.41    2712908.71     0.216  -22.3589   -3607532.05    7073543.76     0.091   59.6396    2642290.35    4360635.05     0.067  109.0935
2009:095:11:40:00.00  02-03-04   -43.6875     526573.54    -121943.95     2.320  -20.3928    -957507.48     669761.32     2.006   43.0652   -1484081.02     791705.28     1.747   66.3599
2009:095:11:40:00.00  02-03-05   -52.5442     526573.54    -121943.95     2.320  -20.3928   -3082662.41    4169945.17     0.187 -107.2186   -3609235.95    4291889.13     0.188  -75.0671
2009:095:11:40:00.00  02-03-08   -22.9263     526573.54    -121943.95     2.320  -20.3928    -440372.05    8530580.23     0.079  145.1508    -966945.59    8652524.18     0.094  147.6843
2009:095:11:40:00.00  02-04-05   115.9240    -957507.48     669761.32     2.006   43.0652   -3082662.41    4169945.17     0.187 -107.2186   -2125154.93    3500183.85     0.325  179.9227
2009:095:11:40:00.00  02-04-08   146.9384    -957507.48     669761.32     2.006   43.0652    -440372.05    8530580.23     0.079  145.1508     517135.43    7860818.91     0.040   41.2776
2009:095:11:40:00.00  02-05-08   -71.1612   -3082662.41    4169945.17     0.187 -107.2186    -440372.05    8530580.23     0.079  145.1508    2642290.35    4360635.05     0.067  109.0935
2009:095:11:40:00.00  03-04-05   171.3702   -1484081.02     791705.28     1.747   66.3599   -3609235.95    4291889.13     0.188  -75.0671   -2125154.93    3500183.85     0.325  179.9227
2009:095:11:40:00.00  03-04-08   172.7666   -1484081.02     791705.28     1.747   66.3599    -966945.59    8652524.18     0.094  147.6843     517135.43    7860818.91     0.040   41.2776
2009:095:11:40:00.00  03-05-08   -36.4763   -3609235.95    4291889.13     0.188  -75.0671    -966945.59    8652524.18     0.094  147.6843    2642290.35    4360635.05     0.067  109.0935
2009:095:11:40:00.00  04-05-08   112.1068   -2125154.93    3500183.85     0.325  179.9227     517135.43    7860818.91     0.040   41.2776    2642290.35    4360635.05     0.067  109.0935
2009:095:12:00:00.00  01-02-03   -65.9823   -3263627.86   -1320507.67     0.512  148.4678   -2710928.95   -1465365.11     0.527  123.8795     552698.91    -144857.44     2.311  -21.6704
2009:095:12:00:00.00  01-02-04   -67.3832   -3263627.86   -1320507.67     0.512  148.4678   -4261298.64    -609236.95     0.479 -170.6389    -997670.78     711270.72     1.971   45.2121
2009:095:12:00:00.00  01-02-05  -125.3512   -3263627.86   -1320507.67     0.512  148.4678   -6295227.47    2979246.29     0.199  -13.2265   -3031599.62    4299753.97     0.179  -99.4075
2009:095:12:00:00.00  01-02-08    61.7977   -3263627.86   -1320507.67     0.512  148.4678   -3345027.48    7221150.02     0.086   62.5414     -81399.62    8541657.70     0.078  149.2115
2009:095:12:00:00.00  01-03-04  -117.1534   -2710928.95   -1465365.11     0.527  123.8795   -4261298.64    -609236.95     0.479 -170.6389   -1550369.69     856128.16     1.688   70.3941
2009:095:12:00:00.00  01-03-05   176.9533   -2710928.95   -1465365.11     0.527  123.8795   -6295227.47    2979246.29     0.199  -13.2265   -3584298.52    4444611.40     0.186  -66.3003
2009:095:12:00:00.00  01-03-08    35.7494   -2710928.95   -1465365.11     0.527  123.8795   -3345027.48    7221150.02     0.086   62.5414    -634098.53    8686515.14     0.094  150.6715
2009:095:12:00:00.00  01-04-05    -5.7313   -4261298.64    -609236.95     0.479 -170.6389   -6295227.47    2979246.29     0.199  -13.2265   -2033928.84    3588483.25     0.309 -178.1341
2009:095:12:00:00.00  01-04-08  -144.1259   -4261298.64    -609236.95     0.479 -170.6389   -3345027.48    7221150.02     0.086   62.5414     916271.16    7830386.98     0.034   36.0284
2009:095:12:00:00.00  01-05-08   -46.8130   -6295227.47    2979246.29     0.199  -13.2265   -3345027.48    7221150.02     0.086   62.5414    2950199.99    4241903.73     0.077   96.1279
2009:095:12:00:00.00  02-03-04   -46.8523     552698.91    -144857.44     2.311  -21.6704    -997670.78     711270.72     1.971   45.2121   -1550369.69     856128.16     1.688   70.3941
2009:095:12:00:00.00  02-03-05   -54.7776     552698.91    -144857.44     2.311  -21.6704   -3031599.62    4299753.97     0.179  -99.4075   -3584298.52    4444611.40     0.186  -66.3003
2009:095:12:00:00.00  02-03-08   -23.1304     552698.91    -144857.44     2.311  -21.6704     -81399.62    8541657.70     0.078  149.2115    -634098.53    8686515.14     0.094  150.6715
2009:095:12:00:00.00  02-04-05   123.9387    -997670.78     711270.72     1.971   45.2121   -3031599.62    4299753.97     0.179  -99.4075   -2033928.84    3588483.25     0.309 -178.1341
2009:095:12:00:00.00  02-04-08   158.3952    -997670.78     711270.72     1.971   45.2121     -81399.62    8541657.70     0.078  149.2115     916271.16    7830386.98     0.034   36.0284
2009:095:12:00:00.00  02-05-08   -46.3238   -3031599.62    4299753.97     0.179  -99.4075     -81399.62    8541657.70     0.078  149.2115    2950199.99    4241903.73     0.077   96.1279
2009:095:12:00:00.00  03-04-05  -177.7722   -1550369.69     856128.16     1.688   70.3941   -3584298.52    4444611.40     0.186  -66.3003   -2033928.84    3588483.25     0.309 -178.1341
2009:095:12:00:00.00  03-04-08  -174.9628   -1550369.69     856128.16     1.688   70.3941    -634098.53    8686515.14     0.094  150.6715     916271.16    7830386.98     0.034   36.0284
2009:095:12:00:00.00  03-05-08   -11.7567   -3584298.52    4444611.40     0.186  -66.3003    -634098.53    8686515.14     0.094  150.6715    2950199.99    4241903.73     0.077   96.1279
2009:095:12:00:00.00  04-05-08   121.7665   -2033928.84    3588483.25     0.309 -178.1341     916271.16    7830386.98     0.034   36.0284    2950199.99    4241903.73     0.077   96.1279
2009:095:12:20:00.00  01-02-03   -63.3241   -3335121.43   -1180412.97     0.541  149.8649   -2760526.58   -1349203.41     0.567  124.0110     574594.85    -168790.44     2.302  -22.8001
2009:095:12:20:00.00  01-02-04   -62.8415   -3335121.43   -1180412.97     0.541  149.8649   -4365321.03    -426089.57     0.484 -165.5924   -1030199.60     754323.41     1.936   47.1140
2009:095:12:20:00.00  01-02-05  -123.2915   -3335121.43   -1180412.97     0.541  149.8649   -6292459.52    3246489.09     0.186   -5.8245   -2957338.09    4426902.07     0.172  -92.6681
2009:095:12:20:00.00  01-02-08    60.7559   -3335121.43   -1180412.97     0.541  149.8649   -3056925.72    7357066.65     0.082   64.3433     278195.71    8537479.62     0.076  153.4524
2009:095:12:20:00.00  01-03-04  -115.5535   -2760526.58   -1349203.41     0.567  124.0110   -4365321.03    -426089.57     0.484 -165.5924   -1604794.45     923113.85     1.632   73.9721
2009:095:12:20:00.00  01-03-05   177.4280   -2760526.58   -1349203.41     0.567  124.0110   -6292459.52    3246489.09     0.186   -5.8245   -3531932.94    4595692.51     0.185  -59.2416
2009:095:12:20:00.00  01-03-08    34.5944   -2760526.58   -1349203.41     0.567  124.0110   -3056925.72    7357066.65     0.082   64.3433    -296399.13    8706270.06     0.093  153.7599
2009:095:12:20:00.00  01-04-05     5.1316   -4365321.03    -426089.57     0.484 -165.5924   -6292459.52    3246489.09     0.186   -5.8245   -1927138.49    3672578.66     0.294 -176.5486
2009:095:12:20:00.00  01-04-08  -129.6261   -4365321.03    -426089.57     0.484 -165.5924   -3056925.72    7357066.65     0.082   64.3433    1308395.31    7783156.21     0.029   28.3770
2009:095:12:20:00.00  01-05-08   -28.3121   -6292459.52    3246489.09     0.186   -5.8245   -3056925.72    7357066.65     0.082   64.3433    3235533.80    4110577.55     0.090   86.8309
2009:095:12:20:00.00  02-03-04   -49.6582     574594.85    -168790.44     2.302  -22.8001   -1030199.60     754323.41     1.936   47.1140   -1604794.45     923113.85     1.632   73.9721
2009:095:12:20:00.00  02-03-05   -56.2266     574594.85    -168790.44     2.302  -22.8001   -2957338.09    4426902.07     0.172  -92.6681   -3531932.94    4595692.51     0.185  -59.2416
2009:095:12:20:00.00  02-03-08   -23.1076     574594.85    -168790.44     2.302  -22.8001     278195.71    8537479.62     0.076  153.4524    -296399.13    8706270.06     0.093  153.7599
2009:095:12:20:00.00  02-04-05   130.9944   -1030199.60     754323.41     1.936   47.1140   -2957338.09    4426902.07     0.172  -92.6681   -1927138.49    3672578.66     0.294 -176.5486
2009:095:12:20:00.00  02-04-08   172.1893   -1030199.60     754323.41     1.936   47.1140     278195.71    8537479.62     0.076  153.4524    1308395.31    7783156.21     0.029   28.3770
2009:095:12:20:00.00  02-05-08   -26.0467   -2957338.09    4426902.07     0.172  -92.6681     278195.71    8537479.62     0.076  153.4524    3235533.80    4110577.55     0.090   86.8309
2009:095:12:20:00.00  03-04-05  -168.7209   -1604794.45     923113.85     1.632   73.9721   -3531932.94    4595692.51     0.185  -59.2416   -1927138.49    3672578.66     0.294 -176.5486
2009:095:12:20:00.00  03-04-08  -160.6451   -1604794.45     923113.85     1.632   73.9721    -296399.13    8706270.06     0.093  153.7599    1308395.31    7783156.21     0.029   28.3770
2009:095:12:20:00.00  03-05-08     7.6874   -3531932.94    4595692.51     0.185  -59.2416    -296399.13    8706270.06     0.093  153.7599    3235533.80    4110577.55     0.090   86.8309
2009:095:12:20:00.00  04-05-08   124.9976   -1927138.49    3672578.66     0.294 -176.5486    1308395.31    7783156.21     0.029   28.3770    3235533.80    4110577.55     0.090   86.8309
2009:095:12:40:00.00  01-02-03   -62.2040   -3381093.63   -1037824.42     0.573  150.5742   -2788999.82   -1231384.23     0.610  123.4493     592093.81    -193559.82     2.293  -23.7724
2009:095:12:40:00.00  01-02-04   -59.9412   -3381093.63   -1037824.42     0.573  150.5742   -4435938.64    -239234.48     0.495 -161.7690   -1054845.01     798589.93     1.901   48.7464
2009:095:12:40:00.00  01-02-05  -122.4998   -3381093.63   -1037824.42     0.573  150.5742   -6241539.73    3512592.08     0.175   -0.0782   -2860446.10    4550416.49     0.166  -87.0042
2009:095:12:40:00.00  01-02-08    57.8581   -3381093.63   -1037824.42     0.573  150.5742   -2745431.42    7480253.55     0.078   65.1496     635662.21    8518077.97     0.075  157.8657
2009:095:12:40:00.00  01-03-04  -115.3474   -2788999.82   -1231384.23     0.610  123.4493   -4435938.64    -239234.48     0.495 -161.7690   -1646938.82     992149.75     1.582   77.0277
2009:095:12:40:00.00  01-03-05   177.0251   -2788999.82   -1231384.23     0.610  123.4493   -6241539.73    3512592.08     0.175   -0.0782   -3452539.91    4743976.31     0.184  -53.6540
2009:095:12:40:00.00  01-03-08    31.6013   -2788999.82   -1231384.23     0.610  123.4493   -2745431.42    7480253.55     0.078   65.1496      43568.40    8711637.78     0.093  156.9977
2009:095:12:40:00.00  01-04-05    13.4333   -4435938.64    -239234.48     0.495 -161.7690   -6241539.73    3512592.08     0.175   -0.0782   -1805601.09    3751826.56     0.282 -175.2806
2009:095:12:40:00.00  01-04-08  -114.4519   -4435938.64    -239234.48     0.495 -161.7690   -2745431.42    7480253.55     0.078   65.1496    1690507.22    7719488.03     0.024   17.8325
2009:095:12:40:00.00  01-05-08   -15.7113   -6241539.73    3512592.08     0.175   -0.0782   -2745431.42    7480253.55     0.078   65.1496    3496108.31    3967661.47     0.103   80.7827
2009:095:12:40:00.00  02-03-04   -52.0538     592093.81    -193559.82     2.293  -23.7724   -1054845.01     798589.93     1.901   48.7464   -1646938.82     992149.75     1.582   77.0277
2009:095:12:40:00.00  02-03-05   -57.1227     592093.81    -193559.82     2.293  -23.7724   -2860446.10    4550416.49     0.166  -87.0042   -3452539.91    4743976.31     0.184  -53.6540
2009:095:12:40:00.00  02-03-08   -22.9044     592093.81    -193559.82     2.293  -23.7724     635662.21    8518077.97     0.075  157.8657      43568.40    8711637.78     0.093  156.9977
2009:095:12:40:00.00  02-04-05   137.0227   -1054845.01     798589.93     1.901   48.7464   -2860446.10    4550416.49     0.166  -87.0042   -1805601.09    3751826.56     0.282 -175.2806
2009:095:12:40:00.00  02-04-08  -171.2204   -1054845.01     798589.93     1.901   48.7464     635662.21    8518077.97     0.075  157.8657    1690507.22    7719488.03     0.024   17.8325
2009:095:12:40:00.00  02-05-08    -9.9212   -2860446.10    4550416.49     0.166  -87.0042     635662.21    8518077.97     0.075  157.8657    3496108.31    3967661.47     0.103   80.7827
2009:095:12:40:00.00  03-04-05  -161.3457   -1646938.82     992149.75     1.582   77.0277   -3452539.91    4743976.31     0.184  -53.6540   -1805601.09    3751826.56     0.282 -175.2806
2009:095:12:40:00.00  03-04-08  -143.8071   -1646938.82     992149.75     1.582   77.0277      43568.40    8711637.78     0.093  156.9977    1690507.22    7719488.03     0.024   17.8325
2009:095:12:40:00.00  03-05-08    22.5610   -3452539.91    4743976.31     0.184  -53.6540      43568.40    8711637.78     0.093  156.9977    3496108.31    3967661.47     0.103   80.7827
2009:095:12:40:00.00  04-05-08   121.7692   -1805601.09    3751826.56     0.282 -175.2806    1690507.22    7719488.03     0.024   17.8325    3496108.31    3967661.47     0.103   80.7827
2009:095:13:00:00.00  01-02-03   -62.6335   -3401192.65    -893833.14     0.611  150.5523   -2796130.76   -1112809.16     0.658  122.2346     605061.89    -218976.02     2.285  -24.5797
2009:095:13:00:00.00  01-02-04   -58.7857   -3401192.65    -893833.14     0.611  150.5523   -4472611.08     -50101.58     0.509 -159.2507   -1071418.43     843731.55     1.867   50.0872
2009:095:13:00:00.00  01-02-05  -123.3001   -3401192.65    -893833.14     0.611  150.5523   -6142857.74    3775518.94     0.168    3.8215   -2741665.09    4669352.07     0.161  -82.3262
2009:095:13:00:00.00  01-02-08    53.0824   -3401192.65    -893833.14     0.611  150.5523   -2412928.23    7589768.07     0.075   64.9473     988264.42    8483601.20     0.074  162.4171
2009:095:13:00:00.00  01-03-04  -116.5778   -2796130.76   -1112809.16     0.658  122.2346   -4472611.08     -50101.58     0.509 -159.2507   -1676480.32    1062707.57     1.534   79.5616
2009:095:13:00:00.00  01-03-05   174.8688   -2796130.76   -1112809.16     0.658  122.2346   -6142857.74    3775518.94     0.168    3.8215   -3346726.98    4888328.10     0.186  -48.8128
2009:095:13:00:00.00  01-03-08    26.9902   -2796130.76   -1112809.16     0.658  122.2346   -2412928.23    7589768.07     0.075   64.9473     383202.53    8702577.22     0.092  160.1916
2009:095:13:00:00.00  01-04-05    18.5033   -4472611.08     -50101.58     0.509 -159.2507   -6142857.74    3775518.94     0.168    3.8215   -1670246.66    3825620.52     0.273 -173.9325
2009:095:13:00:00.00  01-04-08   -97.6050   -4472611.08     -50101.58     0.509 -159.2507   -2412928.23    7589768.07     0.075   64.9473    2059682.85    7639869.65     0.021    3.3015
2009:095:13:00:00.00  01-05-08    -8.7316   -6142857.74    3775518.94     0.168    3.8215   -2412928.23    7589768.07     0.075   64.9473    3729929.51    3814249.13     0.113   77.5003
2009:095:13:00:00.00  02-03-04   -54.0541     605061.89    -218976.02     2.285  -24.5797   -1071418.43     843731.55     1.867   50.0872   -1676480.32    1062707.57     1.534   79.5616
2009:095:13:00:00.00  02-03-05   -58.0930     605061.89    -218976.02     2.285  -24.5797   -2741665.09    4669352.07     0.161  -82.3262   -3346726.98    4888328.10     0.186  -48.8128
2009:095:13:00:00.00  02-03-08   -22.3542     605061.89    -218976.02     2.285  -24.5797     988264.42    8483601.20     0.074  162.4171     383202.53    8702577.22     0.092  160.1916
2009:095:13:00:00.00  02-04-05   141.6936   -1071418.43     843731.55     1.867   50.0872   -2741665.09    4669352.07     0.161  -82.3262   -1670246.66    3825620.52     0.273 -173.9325
2009:095:13:00:00.00  02-04-08  -150.7972   -1071418.43     843731.55     1.867   50.0872     988264.42    8483601.20     0.074  162.4171    2059682.85    7639869.65     0.021    3.3015
2009:095:13:00:00.00  02-05-08     2.5906   -2741665.09    4669352.07     0.161  -82.3262     988264.42    8483601.20     0.074  162.4171    3729929.51    3814249.13     0.113   77.5003
2009:095:13:00:00.00  03-04-05  -155.3187   -1676480.32    1062707.57     1.534   79.5616   -3346726.98    4888328.10     0.186  -48.8128   -1670246.66    3825620.52     0.273 -173.9325
2009:095:13:00:00.00  03-04-08  -123.5482   -1676480.32    1062707.57     1.534   79.5616     383202.53    8702577.22     0.092  160.1916    2059682.85    7639869.65     0.021    3.3015
2009:095:13:00:00.00  03-05-08    33.8785   -3346726.98    4888328.10     0.186  -48.8128     383202.53    8702577.22     0.092  160.1916    3729929.51    3814249.13     0.113   77.5003
2009:095:13:00:00.00  04-05-08   111.8686   -1670246.66    3825620.52     0.273 -173.9325    2059682.85    7639869.65     0.021    3.3015    3729929.51    3814249.13     0.113   77.5003
2009:095:13:20:00.00  01-02-03   -64.8067   -3395264.70    -749541.00     0.660  149.5960   -2781864.85    -994385.56     0.711  120.3821     613399.85    -244844.56     2.277  -25.2153
2009:095:13:20:00.00  01-02-04   -59.6098   -3395264.70    -749541.00     0.660  149.5960   -4475057.72     139861.84     0.531 -158.0882   -1079793.02     889402.83     1.834   51.1176
2009:095:13:20:00.00  01-02-05  -126.0691   -3395264.70    -749541.00     0.660  149.5960   -5997168.71    4033257.69     0.164    6.0388   -2601904.02    4782798.68     0.158  -78.2961
2009:095:13:20:00.00  01-02-08    46.7767   -3395264.70    -749541.00     0.660  149.5960   -2061960.57    7684772.16     0.071   64.1466    1333304.13    8434313.16     0.074  166.9659
2009:095:13:20:00.00  01-03-04  -119.2912   -2781864.85    -994385.56     0.711  120.3821   -4475057.72     139861.84     0.531 -158.0882   -1693192.87    1134247.40     1.487   81.5851
2009:095:13:20:00.00  01-03-05   171.3981   -2781864.85    -994385.56     0.711  120.3821   -5997168.71    4033257.69     0.164    6.0388   -3215303.87    5027643.25     0.186  -44.9772
2009:095:13:20:00.00  01-03-08    21.0543   -2781864.85    -994385.56     0.711  120.3821   -2061960.57    7684772.16     0.071   64.1466     719904.28    8679157.72     0.091  163.4744
2009:095:13:20:00.00  01-04-05    20.7789   -4475057.72     139861.84     0.531 -158.0882   -5997168.71    4033257.69     0.164    6.0388   -1522111.00    3893395.85     0.265 -172.8282
2009:095:13:20:00.00  01-04-08   -79.0896   -4475057.72     139861.84     0.531 -158.0882   -2061960.57    7684772.16     0.071   64.1466    2413097.15    7544910.33     0.019  -14.8520
2009:095:13:20:00.00  01-05-08    -5.5739   -5997168.71    4033257.69     0.164    6.0388   -2061960.57    7684772.16     0.071   64.1466    3935208.15    3651514.48     0.122   75.7592
2009:095:13:20:00.00  02-03-04   -55.6827     613399.85    -244844.56     2.277  -25.2153   -1079793.02     889402.83     1.834   51.1176   -1693192.87    1134247.40     1.487   81.5851
2009:095:13:20:00.00  02-03-05   -58.5341     613399.85    -244844.56     2.277  -25.2153   -2601904.02    4782798.68     0.158  -78.2961   -3215303.87    5027643.25     0.186  -44.9772
2009:095:13:20:00.00  02-03-08   -21.7238     613399.85    -244844.56     2.277  -25.2153    1333304.13    8434313.16     0.074  166.9659     719904.28    8679157.72     0.091  163.4744
2009:095:13:20:00.00  02-04-05   145.6497   -1079793.02     889402.83     1.834   51.1176   -2601904.02    4782798.68     0.158  -78.2961   -1522111.00    3893395.85     0.265 -172.8282
2009:095:13:20:00.00  02-04-08  -127.0645   -1079793.02     889402.83     1.834   51.1176    1333304.13    8434313.16     0.074  166.9659    2413097.15    7544910.33     0.019  -14.8520
2009:095:13:20:00.00  02-05-08    12.9105   -2601904.02    4782798.68     0.158  -78.2961    1333304.13    8434313.16     0.074  166.9659    3935208.15    3651514.48     0.122   75.7592
2009:095:13:20:00.00  03-04-05  -150.5639   -1693192.87    1134247.40     1.487   81.5851   -3215303.87    5027643.25     0.186  -44.9772   -1522111.00    3893395.85     0.265 -172.8282
2009:095:13:20:00.00  03-04-08  -100.0886   -1693192.87    1134247.40     1.487   81.5851     719904.28    8679157.72     0.091  163.4744    2413097.15    7544910.33     0.019  -14.8520
2009:095:13:20:00.00  03-05-08    42.7379   -3215303.87    5027643.25     0.186  -44.9772     719904.28    8679157.72     0.091  163.4744    3935208.15    3651514.48     0.122   75.7592
2009:095:13:20:00.00  04-05-08    96.5605   -1522111.00    3893395.85     0.265 -172.8282    2413097.15    7544910.33     0.019  -14.8520    3935208.15    3651514.48     0.122   75.7592
2009:095:13:40:00.00  01-02-03   -68.7608   -3363355.13    -606052.17     0.718  147.7046   -2746311.25    -877019.66     0.771  117.8604     617043.89    -270967.49     2.270  -25.6742
2009:095:13:40:00.00  01-02-04   -62.4130   -3363355.13    -606052.17     0.718  147.7046   -4443259.83     329202.11     0.562 -158.2947   -1079904.70     935254.28     1.802   51.8229
2009:095:13:40:00.00  01-02-05  -130.7625   -3363355.13    -606052.17     0.718  147.7046   -5805587.51    4283836.01     0.162    6.6763   -2442232.37    4889888.18     0.155  -74.8566
2009:095:13:40:00.00  01-02-08    39.3442   -3363355.13    -606052.17     0.718  147.7046   -1695214.16    7764538.83     0.066   63.1276    1668140.97    8370591.00     0.073  171.4880
2009:095:13:40:00.00  01-03-04  -123.5257   -2746311.25    -877019.66     0.771  117.8604   -4443259.83     329202.11     0.562 -158.2947   -1696948.58    1206221.77     1.441   83.0914
2009:095:13:40:00.00  01-03-05   166.4387   -2746311.25    -877019.66     0.771  117.8604   -5805587.51    4283836.01     0.162    6.6763   -3059276.26    5160855.67     0.185  -41.9020
2009:095:13:40:00.00  01-03-08    14.2341   -2746311.25    -877019.66     0.771  117.8604   -1695214.16    7764538.83     0.066   63.1276    1051097.09    8641558.49     0.091  166.7539
2009:095:13:40:00.00  01-04-05    20.5157   -4443259.83     329202.11     0.562 -158.2947   -5805587.51    4283836.01     0.162    6.6763   -1362327.68    3954633.90     0.259 -172.1341
2009:095:13:40:00.00  01-04-08   -63.0545   -4443259.83     329202.11     0.562 -158.2947   -1695214.16    7764538.83     0.066   63.1276    2748045.67    7435336.72     0.020  -32.1126
2009:095:13:40:00.00  01-05-08    -5.3266   -5805587.51    4283836.01     0.162    6.6763   -1695214.16    7764538.83     0.066   63.1276    4110373.35    3480702.82     0.131   75.1305
2009:095:13:40:00.00  02-03-04   -56.9427     617043.89    -270967.49     2.270  -25.6742   -1079904.70     935254.28     1.802   51.8229   -1696948.58    1206221.77     1.441   83.0914
2009:095:13:40:00.00  02-03-05   -58.6288     617043.89    -270967.49     2.270  -25.6742   -2442232.37    4889888.18     0.155  -74.8566   -3059276.26    5160855.67     0.185  -41.9020
2009:095:13:40:00.00  02-03-08   -20.9401     617043.89    -270967.49     2.270  -25.6742    1668140.97    8370591.00     0.073  171.4880    1051097.09    8641558.49     0.091  166.7539
2009:095:13:40:00.00  02-04-05   149.1004   -1079904.70     935254.28     1.802   51.8229   -2442232.37    4889888.18     0.155  -74.8566   -1362327.68    3954633.90     0.259 -172.1341
2009:095:13:40:00.00  02-04-08  -104.5765   -1079904.70     935254.28     1.802   51.8229    1668140.97    8370591.00     0.073  171.4880    2748045.67    7435336.72     0.020  -32.1126
2009:095:13:40:00.00  02-05-08    21.5009   -2442232.37    4889888.18     0.155  -74.8566    1668140.97    8370591.00     0.073  171.4880    4110373.35    3480702.82     0.131   75.1305
2009:095:13:40:00.00  03-04-05  -146.6764   -1696948.58    1206221.77     1.441   83.0914   -3059276.26    5160855.67     0.185  -41.9020   -1362327.68    3954633.90     0.259 -172.1341
2009:095:13:40:00.00  03-04-08   -78.0420   -1696948.58    1206221.77     1.441   83.0914    1051097.09    8641558.49     0.091  166.7539    2748045.67    7435336.72     0.020  -32.1126
2009:095:13:40:00.00  03-05-08    49.7214   -3059276.26    5160855.67     0.185  -41.9020    1051097.09    8641558.49     0.091  166.7539    4110373.35    3480702.82     0.131   75.1305
2009:095:13:40:00.00  04-05-08    80.6228   -1362327.68    3954633.90     0.259 -172.1341    2748045.67    7435336.72     0.020  -32.1126    4110373.35    3480702.82     0.131   75.1305
2009:095:14:00:00.00  01-02-03   -74.6392   -3305708.14    -464464.67     0.785  144.8707   -2689742.03    -761609.57     0.843  114.5375     615966.11    -297144.90     2.264  -25.9527
2009:095:14:00:00.00  01-02-04   -67.1835   -3305708.14    -464464.67     0.785  144.8707   -4377460.75     516470.35     0.599 -159.8729   -1071752.61     980935.02     1.772   52.1813
2009:095:14:00:00.00  01-02-05  -137.2073   -3305708.14    -464464.67     0.785  144.8707   -5569580.15    4525336.43     0.162    5.8612   -2263872.01    4989801.09     0.152  -72.0608
2009:095:14:00:00.00  01-02-08    30.6769   -3305708.14    -464464.67     0.785  144.8707   -1315495.44    7828457.68     0.061   61.6742    1990212.70    8292922.35     0.072  175.8680
2009:095:14:00:00.00  01-03-04  -129.4114   -2689742.03    -761609.57     0.843  114.5375   -4377460.75     516470.35     0.599 -159.8729   -1687718.73    1278079.92     1.396   84.0760
2009:095:14:00:00.00  01-03-05   159.7610   -2689742.03    -761609.57     0.843  114.5375   -5569580.15    4525336.43     0.162    5.8612   -2879838.12    5286946.00     0.184  -39.3624
2009:095:14:00:00.00  01-03-08     6.1775   -2689742.03    -761609.57     0.843  114.5375   -1315495.44    7828457.68     0.061   61.6742    1374246.59    8590067.25     0.090  170.0341
2009:095:14:00:00.00  01-04-05    17.8009   -4377460.75     516470.35     0.599 -159.8729   -5569580.15    4525336.43     0.162    5.8612   -1192119.40    4008866.07     0.253 -171.8126
2009:095:14:00:00.00  01-04-08   -54.6758   -4377460.75     516470.35     0.599 -159.8729   -1315495.44    7828457.68     0.061   61.6742    3061965.31    7311987.33     0.024  -43.5229
2009:095:14:00:00.00  01-05-08    -8.8696   -5569580.15    4525336.43     0.162    5.8612   -1315495.44    7828457.68     0.061   61.6742    4254084.71    3303121.25     0.138   76.4050
2009:095:14:00:00.00  02-03-04   -57.8474     615966.11    -297144.90     2.264  -25.9527   -1071752.61     980935.02     1.772   52.1813   -1687718.73    1278079.92     1.396   84.0760
2009:095:14:00:00.00  02-03-05   -58.6511     615966.11    -297144.90     2.264  -25.9527   -2263872.01    4989801.09     0.152  -72.0608   -2879838.12    5286946.00     0.184  -39.3624
2009:095:14:00:00.00  02-03-08   -20.1187     615966.11    -297144.90     2.264  -25.9527    1990212.70    8292922.35     0.072  175.8680    1374246.59    8590067.25     0.090  170.0341
2009:095:14:00:00.00  02-04-05   151.9331   -1071752.61     980935.02     1.772   52.1813   -2263872.01    4989801.09     0.152  -72.0608   -1192119.40    4008866.07     0.253 -171.8126
2009:095:14:00:00.00  02-04-08   -88.4278   -1071752.61     980935.02     1.772   52.1813    1990212.70    8292922.35     0.072  175.8680    3061965.31    7311987.33     0.024  -43.5229
2009:095:14:00:00.00  02-05-08    27.4022   -2263872.01    4989801.09     0.152  -72.0608    1990212.70    8292922.35     0.072  175.8680    4254084.71    3303121.25     0.138   76.4050
2009:095:14:00:00.00  03-04-05  -143.4737   -1687718.73    1278079.92     1.396   84.0760   -2879838.12    5286946.00     0.184  -39.3624   -1192119.40    4008866.07     0.253 -171.8126
2009:095:14:00:00.00  03-04-08   -62.3670   -1687718.73    1278079.92     1.396   84.0760    1374246.59    8590067.25     0.090  170.0341    3061965.31    7311987.33     0.024  -43.5229
2009:095:14:00:00.00  03-05-08    54.2667   -2879838.12    5286946.00     0.184  -39.3624    1374246.59    8590067.25     0.090  170.0341    4254084.71    3303121.25     0.138   76.4050
2009:095:14:00:00.00  04-05-08    68.2595   -1192119.40    4008866.07     0.253 -171.8126    3061965.31    7311987.33     0.024  -43.5229    4254084.71    3303121.25     0.138   76.4050
2009:095:14:20:00.00  01-02-03   -82.4467   -3222764.84    -325861.97     0.860  141.1047   -2612590.07    -649038.45     0.926  110.4003     610174.77    -323176.48     2.258  -26.0482
2009:095:14:20:00.00  01-02-04   -73.9105   -3222764.84    -325861.97     0.860  141.1047   -4278163.99     700233.53     0.643 -162.8067   -1055399.15    1026095.50     1.743   52.2086
2009:095:14:20:00.00  01-02-05  -145.6046   -3222764.84    -325861.97     0.860  141.1047   -5290952.64    4755910.89     0.164    3.6201   -2068187.80    5081772.86     0.147  -69.6706
2009:095:14:20:00.00  01-02-08    20.9344   -3222764.84    -325861.97     0.860  141.1047    -925710.14    7876039.58     0.056   60.1948    2297054.70    8201901.55     0.071 -179.6349
2009:095:14:20:00.00  01-03-04  -136.9406   -2612590.07    -649038.45     0.926  110.4003   -4278163.99     700233.53     0.643 -162.8067   -1665573.92    1349271.98     1.350   84.5343
2009:095:14:20:00.00  01-03-05   151.2176   -2612590.07    -649038.45     0.926  110.4003   -5290952.64    4755910.89     0.164    3.6201   -2678362.57    5404949.34     0.183  -37.1972
2009:095:14:20:00.00  01-03-08    -2.6759   -2612590.07    -649038.45     0.926  110.4003    -925710.14    7876039.58     0.056   60.1948    1686879.93    8525078.02     0.089  173.2710
2009:095:14:20:00.00  01-04-05    12.6099   -4278163.99     700233.53     0.643 -162.8067   -5290952.64    4755910.89     0.164    3.6201   -1012788.65    4055677.36     0.247 -171.7965
2009:095:14:20:00.00  01-04-08   -53.6698   -4278163.99     700233.53     0.643 -162.8067    -925710.14    7876039.58     0.056   60.1948    3352453.85    7175806.05     0.029  -48.9421
2009:095:14:20:00.00  01-05-08   -15.8373   -5290952.64    4755910.89     0.164    3.6201    -925710.14    7876039.58     0.056   60.1948    4365242.50    3120128.69     0.143   79.6522
2009:095:14:20:00.00  02-03-04   -58.3739     610174.77    -323176.48     2.258  -26.0482   -1055399.15    1026095.50     1.743   52.2086   -1665573.92    1349271.98     1.350   84.5343
2009:095:14:20:00.00  02-03-05   -58.5215     610174.77    -323176.48     2.258  -26.0482   -2068187.80    5081772.86     0.147  -69.6706   -2678362.57    5404949.34     0.183  -37.1972
2009:095:14:20:00.00  02-03-08   -18.9541     610174.77    -323176.48     2.258  -26.0482    2297054.70    8201901.55     0.071 -179.6349    1686879.93    8525078.02     0.089  173.2710
2009:095:14:20:00.00  02-04-05   154.3345   -1055399.15    1026095.50     1.743   52.2086   -2068187.80    5081772.86     0.147  -69.6706   -1012788.65    4055677.36     0.247 -171.7965
2009:095:14:20:00.00  02-04-08   -78.4843   -1055399.15    1026095.50     1.743   52.2086    2297054.70    8201901.55     0.071 -179.6349    3352453.85    7175806.05     0.029  -48.9421
2009:095:14:20:00.00  02-05-08    31.0424   -2068187.80    5081772.86     0.147  -69.6706    2297054.70    8201901.55     0.071 -179.6349    4365242.50    3120128.69     0.143   79.6522
2009:095:14:20:00.00  03-04-05  -140.8665   -1665573.92    1349271.98     1.350   84.5343   -2678362.57    5404949.34     0.183  -37.1972   -1012788.65    4055677.36     0.247 -171.7965
2009:095:14:20:00.00  03-04-08   -53.2526   -1665573.92    1349271.98     1.350   84.5343    1686879.93    8525078.02     0.089  173.2710    3352453.85    7175806.05     0.029  -48.9421
2009:095:14:20:00.00  03-05-08    56.4217   -2678362.57    5404949.34     0.183  -37.1972    1686879.93    8525078.02     0.089  173.2710    4365242.50    3120128.69     0.143   79.6522
2009:095:14:20:00.00  04-05-08    59.6093   -1012788.65    4055677.36     0.247 -171.7965    3352453.85    7175806.05     0.029  -48.9421    4365242.50    3120128.69     0.143   79.6522
2009:095:14:40:00.00  01-02-03   -92.1493   -3115159.96    -191304.70     0.942  136.4332   -2515445.77    -540167.72     1.019  105.4579     599714.19    -348863.02     2.252  -25.9596
2009:095:14:40:00.00  01-02-04   -82.4946   -3115159.96    -191304.70     0.942  136.4332   -4146129.40     879085.44     0.690 -167.0120   -1030969.44    1070390.14     1.714   51.9157
2009:095:14:40:00.00  01-02-05  -155.6811   -3115159.96    -191304.70     0.942  136.4332   -4971837.13    4973794.98     0.169    0.4809   -1856677.18    5165099.68     0.141  -67.4049
2009:095:14:40:00.00  01-02-08     9.6786   -3115159.96    -191304.70     0.942  136.4332    -528841.02    7906920.42     0.050   58.1366    2586318.93    8098225.12     0.069 -175.1088
2009:095:14:40:00.00  01-03-04  -146.0155   -2515445.77    -540167.72     1.019  105.4579   -4146129.40     879085.44     0.690 -167.0120   -1630683.63    1419253.15     1.306   84.4614
2009:095:14:40:00.00  01-03-05   141.3463   -2515445.77    -540167.72     1.019  105.4579   -4971837.13    4973794.98     0.169    0.4809   -2456391.37    5513962.69     0.181  -35.4076
2009:095:14:40:00.00  01-03-08   -12.7985   -2515445.77    -540167.72     1.019  105.4579    -528841.02    7906920.42     0.050   58.1366    1986604.74    8447088.13     0.088  176.3930
2009:095:14:40:00.00  01-04-05     5.4881   -4146129.40     879085.44     0.690 -167.0120   -4971837.13    4973794.98     0.169    0.4809    -825707.73    4094709.54     0.243 -172.0192
2009:095:14:40:00.00  01-04-08   -59.3334   -4146129.40     879085.44     0.690 -167.0120    -528841.02    7906920.42     0.050   58.1366    3617288.38    7027834.98     0.035  -49.5419
2009:095:14:40:00.00  01-05-08   -26.2911   -4971837.13    4973794.98     0.169    0.4809    -528841.02    7906920.42     0.050   58.1366    4442996.11    2933125.44     0.148   84.9087
2009:095:14:40:00.00  02-03-04   -58.5052     599714.19    -348863.02     2.252  -25.9596   -1030969.44    1070390.14     1.714   51.9157   -1630683.63    1419253.15     1.306   84.4614
2009:095:14:40:00.00  02-03-05   -57.9569     599714.19    -348863.02     2.252  -25.9596   -1856677.18    5165099.68     0.141  -67.4049   -2456391.37    5513962.69     0.181  -35.4076
2009:095:14:40:00.00  02-03-08   -17.4613     599714.19    -348863.02     2.252  -25.9596    2586318.93    8098225.12     0.069 -175.1088    1986604.74    8447088.13     0.088  176.3930
2009:095:14:40:00.00  02-04-05   156.5301   -1030969.44    1070390.14     1.714   51.9157   -1856677.18    5165099.68     0.141  -67.4049    -825707.73    4094709.54     0.243 -172.0192
2009:095:14:40:00.00  02-04-08   -73.6511   -1030969.44    1070390.14     1.714   51.9157    2586318.93    8098225.12     0.069 -175.1088    3617288.38    7027834.98     0.035  -49.5419
2009:095:14:40:00.00  02-05-08    32.5777   -1856677.18    5165099.68     0.141  -67.4049    2586318.93    8098225.12     0.069 -175.1088    4442996.11    2933125.44     0.148   84.9087
2009:095:14:40:00.00  03-04-05  -138.9270   -1630683.63    1419253.15     1.306   84.4614   -2456391.37    5513962.69     0.181  -35.4076    -825707.73    4094709.54     0.243 -172.0192
2009:095:14:40:00.00  03-04-08   -49.6037   -1630683.63    1419253.15     1.306   84.4614    1986604.74    8447088.13     0.088  176.3930    3617288.38    7027834.98     0.035  -49.5419
2009:095:14:40:00.00  03-05-08    56.0767   -2456391.37    5513962.69     0.181  -35.4076    1986604.74    8447088.13     0.088  176.3930    4442996.11    2933125.44     0.148   84.9087
2009:095:14:40:00.00  04-05-08    53.5302    -825707.73    4094709.54     0.243 -172.0192    3617288.38    7027834.98     0.035  -49.5419    4442996.11    2933125.44     0.148   84.9087
2009:095:15:00:00.00  01-02-03  -103.6572   -2983716.91     -61822.54     1.027  130.8779   -2399052.50    -435830.50     1.124   99.7777     584664.41    -374007.96     2.247  -25.6871
2009:095:15:00:00.00  01-02-04   -92.8312   -2983716.91     -61822.54     1.027  130.8779   -3982367.35    1051657.42     0.738 -172.3990    -998650.44    1113479.97     1.685   51.3101
2009:095:15:00:00.00  01-02-08    -2.7436   -2983716.91     -61822.54     1.027  130.8779    -127925.06    7920863.88     0.045   55.8897    2855791.85    7982686.43     0.066 -170.4887
2009:095:15:00:00.00  01-03-04  -156.4751   -2399052.50    -435830.50     1.124   99.7777   -3982367.35    1051657.42     0.738 -172.3990   -1583314.85    1487487.92     1.262   83.8539
2009:095:15:00:00.00  01-03-08   -23.9392   -2399052.50    -435830.50     1.124   99.7777    -127925.06    7920863.88     0.045   55.8897    2271127.44    8356694.38     0.087  179.6066
2009:095:15:00:00.00  01-04-08   -69.3980   -3982367.35    1051657.42     0.738 -172.3990    -127925.06    7920863.88     0.045   55.8897    3854442.29    6869206.46     0.042  -47.1113
2009:095:15:00:00.00  02-03-04   -58.2309     584664.41    -374007.96     2.247  -25.6871    -998650.44    1113479.97     1.685   51.3101   -1583314.85    1487487.92     1.262   83.8539
2009:095:15:00:00.00  02-03-08   -15.7825     584664.41    -374007.96     2.247  -25.6871    2855791.85    7982686.43     0.066 -170.4887    2271127.44    8356694.38     0.087  179.6066
2009:095:15:00:00.00  02-04-08   -72.0673    -998650.44    1113479.97     1.685   51.3101    2855791.85    7982686.43     0.066 -170.4887    3854442.29    6869206.46     0.042  -47.1113
2009:095:15:00:00.00  03-04-08   -49.4282   -1583314.85    1487487.92     1.262   83.8539    2271127.44    8356694.38     0.087  179.6066    3854442.29    6869206.46     0.042  -47.1113
