                         rc circuit transient responce
                         Transient Analysis  Tue Feb  6 03:34:29  2024
--------------------------------------------------------------------------------
Index   time            v(2)            
--------------------------------------------------------------------------------
0	0.000000e+00	0.000000e+00	
1	2.000000e-07	0.000000e+00	
2	4.000000e-07	0.000000e+00	
3	8.000000e-07	0.000000e+00	
4	1.600000e-06	0.000000e+00	
5	3.200000e-06	0.000000e+00	
6	6.400000e-06	0.000000e+00	
7	1.280000e-05	0.000000e+00	
8	2.560000e-05	0.000000e+00	
9	4.560000e-05	0.000000e+00	
10	6.560000e-05	0.000000e+00	
11	8.560000e-05	0.000000e+00	
12	1.056000e-04	0.000000e+00	
13	1.256000e-04	0.000000e+00	
14	1.456000e-04	0.000000e+00	
15	1.656000e-04	0.000000e+00	
16	1.856000e-04	0.000000e+00	
17	2.056000e-04	0.000000e+00	
18	2.256000e-04	0.000000e+00	
19	2.456000e-04	0.000000e+00	
20	2.656000e-04	0.000000e+00	
21	2.856000e-04	0.000000e+00	
22	3.056000e-04	0.000000e+00	
23	3.256000e-04	0.000000e+00	
24	3.456000e-04	0.000000e+00	
25	3.656000e-04	0.000000e+00	
26	3.856000e-04	0.000000e+00	
27	4.056000e-04	0.000000e+00	
28	4.256000e-04	0.000000e+00	
29	4.456000e-04	0.000000e+00	
30	4.656000e-04	0.000000e+00	
31	4.856000e-04	0.000000e+00	
32	5.056000e-04	0.000000e+00	
33	5.256000e-04	0.000000e+00	
34	5.456000e-04	0.000000e+00	
35	5.656000e-04	0.000000e+00	
36	5.856000e-04	0.000000e+00	
37	6.056000e-04	0.000000e+00	
38	6.256000e-04	0.000000e+00	
39	6.456000e-04	0.000000e+00	
40	6.656000e-04	0.000000e+00	
41	6.856000e-04	0.000000e+00	
42	7.056000e-04	0.000000e+00	
43	7.256000e-04	0.000000e+00	
44	7.456000e-04	0.000000e+00	
45	7.656000e-04	0.000000e+00	
46	7.856000e-04	0.000000e+00	
47	8.056000e-04	0.000000e+00	
48	8.256000e-04	0.000000e+00	
49	8.456000e-04	0.000000e+00	
50	8.656000e-04	0.000000e+00	
51	8.856000e-04	0.000000e+00	
52	9.056000e-04	0.000000e+00	
53	9.256000e-04	0.000000e+00	
54	9.456000e-04	0.000000e+00	

Index   time            v(2)            
--------------------------------------------------------------------------------
55	9.656000e-04	0.000000e+00	
56	9.856000e-04	0.000000e+00	
57	1.005600e-03	0.000000e+00	
58	1.025600e-03	0.000000e+00	
59	1.045600e-03	0.000000e+00	
60	1.065600e-03	0.000000e+00	
61	1.085600e-03	0.000000e+00	
62	1.105600e-03	0.000000e+00	
63	1.125600e-03	0.000000e+00	
64	1.145600e-03	0.000000e+00	
65	1.165600e-03	0.000000e+00	
66	1.185600e-03	0.000000e+00	
67	1.205600e-03	0.000000e+00	
68	1.225600e-03	0.000000e+00	
69	1.245600e-03	0.000000e+00	
70	1.265600e-03	0.000000e+00	
71	1.285600e-03	0.000000e+00	
72	1.305600e-03	0.000000e+00	
73	1.325600e-03	0.000000e+00	
74	1.345600e-03	0.000000e+00	
75	1.365600e-03	0.000000e+00	
76	1.385600e-03	0.000000e+00	
77	1.405600e-03	0.000000e+00	
78	1.425600e-03	0.000000e+00	
79	1.445600e-03	0.000000e+00	
80	1.465600e-03	0.000000e+00	
81	1.485600e-03	0.000000e+00	
82	1.505600e-03	0.000000e+00	
83	1.525600e-03	0.000000e+00	
84	1.545600e-03	0.000000e+00	
85	1.565600e-03	0.000000e+00	
86	1.585600e-03	0.000000e+00	
87	1.605600e-03	0.000000e+00	
88	1.625600e-03	0.000000e+00	
89	1.645600e-03	0.000000e+00	
90	1.665600e-03	0.000000e+00	
91	1.685600e-03	0.000000e+00	
92	1.705600e-03	0.000000e+00	
93	1.725600e-03	0.000000e+00	
94	1.745600e-03	0.000000e+00	
95	1.765600e-03	0.000000e+00	
96	1.785600e-03	0.000000e+00	
97	1.805600e-03	0.000000e+00	
98	1.825600e-03	0.000000e+00	
99	1.845600e-03	0.000000e+00	
100	1.865600e-03	0.000000e+00	
101	1.885600e-03	0.000000e+00	
102	1.905600e-03	0.000000e+00	
103	1.925600e-03	0.000000e+00	
104	1.945600e-03	0.000000e+00	
105	1.965600e-03	0.000000e+00	
106	1.985600e-03	0.000000e+00	
107	2.005600e-03	0.000000e+00	
108	2.025600e-03	0.000000e+00	
109	2.045600e-03	0.000000e+00	
110	2.065600e-03	0.000000e+00	
111	2.085600e-03	0.000000e+00	
112	2.105600e-03	0.000000e+00	

Index   time            v(2)            
--------------------------------------------------------------------------------
113	2.125600e-03	0.000000e+00	
114	2.145600e-03	0.000000e+00	
115	2.165600e-03	0.000000e+00	
116	2.185600e-03	0.000000e+00	
117	2.205600e-03	0.000000e+00	
118	2.225600e-03	0.000000e+00	
119	2.245600e-03	0.000000e+00	
120	2.265600e-03	0.000000e+00	
121	2.285600e-03	0.000000e+00	
122	2.305600e-03	0.000000e+00	
123	2.325600e-03	0.000000e+00	
124	2.345600e-03	0.000000e+00	
125	2.365600e-03	0.000000e+00	
126	2.385600e-03	0.000000e+00	
127	2.405600e-03	0.000000e+00	
128	2.425600e-03	0.000000e+00	
129	2.445600e-03	0.000000e+00	
130	2.465600e-03	0.000000e+00	
131	2.485600e-03	0.000000e+00	
132	2.505600e-03	0.000000e+00	
133	2.525600e-03	0.000000e+00	
134	2.545600e-03	0.000000e+00	
135	2.565600e-03	0.000000e+00	
136	2.585600e-03	0.000000e+00	
137	2.605600e-03	0.000000e+00	
138	2.625600e-03	0.000000e+00	
139	2.645600e-03	0.000000e+00	
140	2.665600e-03	0.000000e+00	
141	2.685600e-03	0.000000e+00	
142	2.705600e-03	0.000000e+00	
143	2.725600e-03	0.000000e+00	
144	2.745600e-03	0.000000e+00	
145	2.765600e-03	0.000000e+00	
146	2.785600e-03	0.000000e+00	
147	2.805600e-03	0.000000e+00	
148	2.825600e-03	0.000000e+00	
149	2.845600e-03	0.000000e+00	
150	2.865600e-03	0.000000e+00	
151	2.885600e-03	0.000000e+00	
152	2.905600e-03	0.000000e+00	
153	2.925600e-03	0.000000e+00	
154	2.945600e-03	0.000000e+00	
155	2.965600e-03	0.000000e+00	
156	2.985600e-03	0.000000e+00	
157	3.005600e-03	0.000000e+00	
158	3.025600e-03	0.000000e+00	
159	3.045600e-03	0.000000e+00	
160	3.065600e-03	0.000000e+00	
161	3.085600e-03	0.000000e+00	
162	3.105600e-03	0.000000e+00	
163	3.125600e-03	0.000000e+00	
164	3.145600e-03	0.000000e+00	
165	3.165600e-03	0.000000e+00	
166	3.185600e-03	0.000000e+00	
167	3.205600e-03	0.000000e+00	
168	3.225600e-03	0.000000e+00	
169	3.245600e-03	0.000000e+00	
170	3.265600e-03	0.000000e+00	

Index   time            v(2)            
--------------------------------------------------------------------------------
171	3.285600e-03	0.000000e+00	
172	3.305600e-03	0.000000e+00	
173	3.325600e-03	0.000000e+00	
174	3.345600e-03	0.000000e+00	
175	3.365600e-03	0.000000e+00	
176	3.385600e-03	0.000000e+00	
177	3.405600e-03	0.000000e+00	
178	3.425600e-03	0.000000e+00	
179	3.445600e-03	0.000000e+00	
180	3.465600e-03	0.000000e+00	
181	3.485600e-03	0.000000e+00	
182	3.505600e-03	0.000000e+00	
183	3.525600e-03	0.000000e+00	
184	3.545600e-03	0.000000e+00	
185	3.565600e-03	0.000000e+00	
186	3.585600e-03	0.000000e+00	
187	3.605600e-03	0.000000e+00	
188	3.625600e-03	0.000000e+00	
189	3.645600e-03	0.000000e+00	
190	3.665600e-03	0.000000e+00	
191	3.685600e-03	0.000000e+00	
192	3.705600e-03	0.000000e+00	
193	3.725600e-03	0.000000e+00	
194	3.745600e-03	0.000000e+00	
195	3.765600e-03	0.000000e+00	
196	3.785600e-03	0.000000e+00	
197	3.805600e-03	0.000000e+00	
198	3.825600e-03	0.000000e+00	
199	3.845600e-03	0.000000e+00	
200	3.865600e-03	0.000000e+00	
201	3.885600e-03	0.000000e+00	
202	3.905600e-03	0.000000e+00	
203	3.925600e-03	0.000000e+00	
204	3.945600e-03	0.000000e+00	
205	3.965600e-03	0.000000e+00	
206	3.985600e-03	0.000000e+00	
207	4.005600e-03	0.000000e+00	
208	4.025600e-03	0.000000e+00	
209	4.045600e-03	0.000000e+00	
210	4.065600e-03	0.000000e+00	
211	4.085600e-03	0.000000e+00	
212	4.105600e-03	0.000000e+00	
213	4.125600e-03	0.000000e+00	
214	4.145600e-03	0.000000e+00	
215	4.165600e-03	0.000000e+00	
216	4.185600e-03	0.000000e+00	
217	4.205600e-03	0.000000e+00	
218	4.225600e-03	0.000000e+00	
219	4.245600e-03	0.000000e+00	
220	4.265600e-03	0.000000e+00	
221	4.285600e-03	0.000000e+00	
222	4.305600e-03	0.000000e+00	
223	4.325600e-03	0.000000e+00	
224	4.345600e-03	0.000000e+00	
225	4.365600e-03	0.000000e+00	
226	4.385600e-03	0.000000e+00	
227	4.405600e-03	0.000000e+00	
228	4.425600e-03	0.000000e+00	

Index   time            v(2)            
--------------------------------------------------------------------------------
229	4.445600e-03	0.000000e+00	
230	4.465600e-03	0.000000e+00	
231	4.485600e-03	0.000000e+00	
232	4.505600e-03	0.000000e+00	
233	4.525600e-03	0.000000e+00	
234	4.545600e-03	0.000000e+00	
235	4.565600e-03	0.000000e+00	
236	4.585600e-03	0.000000e+00	
237	4.605600e-03	0.000000e+00	
238	4.625600e-03	0.000000e+00	
239	4.645600e-03	0.000000e+00	
240	4.665600e-03	0.000000e+00	
241	4.685600e-03	0.000000e+00	
242	4.705600e-03	0.000000e+00	
243	4.725600e-03	0.000000e+00	
244	4.745600e-03	0.000000e+00	
245	4.765600e-03	0.000000e+00	
246	4.785600e-03	0.000000e+00	
247	4.805600e-03	0.000000e+00	
248	4.825600e-03	0.000000e+00	
249	4.845600e-03	0.000000e+00	
250	4.865600e-03	0.000000e+00	
251	4.885600e-03	0.000000e+00	
252	4.905600e-03	0.000000e+00	
253	4.925600e-03	0.000000e+00	
254	4.945600e-03	0.000000e+00	
255	4.965600e-03	0.000000e+00	
256	4.985600e-03	0.000000e+00	
257	5.005600e-03	0.000000e+00	
258	5.025600e-03	0.000000e+00	
259	5.045600e-03	0.000000e+00	
260	5.065600e-03	0.000000e+00	
261	5.085600e-03	0.000000e+00	
262	5.105600e-03	0.000000e+00	
263	5.125600e-03	0.000000e+00	
264	5.145600e-03	0.000000e+00	
265	5.165600e-03	0.000000e+00	
266	5.185600e-03	0.000000e+00	
267	5.205600e-03	0.000000e+00	
268	5.225600e-03	0.000000e+00	
269	5.245600e-03	0.000000e+00	
270	5.265600e-03	0.000000e+00	
271	5.285600e-03	0.000000e+00	
272	5.305600e-03	0.000000e+00	
273	5.325600e-03	0.000000e+00	
274	5.345600e-03	0.000000e+00	
275	5.365600e-03	0.000000e+00	
276	5.385600e-03	0.000000e+00	
277	5.405600e-03	0.000000e+00	
278	5.425600e-03	0.000000e+00	
279	5.445600e-03	0.000000e+00	
280	5.465600e-03	0.000000e+00	
281	5.485600e-03	0.000000e+00	
282	5.505600e-03	0.000000e+00	
283	5.525600e-03	0.000000e+00	
284	5.545600e-03	0.000000e+00	
285	5.565600e-03	0.000000e+00	
286	5.585600e-03	0.000000e+00	

Index   time            v(2)            
--------------------------------------------------------------------------------
287	5.605600e-03	0.000000e+00	
288	5.625600e-03	0.000000e+00	
289	5.645600e-03	0.000000e+00	
290	5.665600e-03	0.000000e+00	
291	5.685600e-03	0.000000e+00	
292	5.705600e-03	0.000000e+00	
293	5.725600e-03	0.000000e+00	
294	5.745600e-03	0.000000e+00	
295	5.765600e-03	0.000000e+00	
296	5.785600e-03	0.000000e+00	
297	5.805600e-03	0.000000e+00	
298	5.825600e-03	0.000000e+00	
299	5.845600e-03	0.000000e+00	
300	5.865600e-03	0.000000e+00	
301	5.885600e-03	0.000000e+00	
302	5.905600e-03	0.000000e+00	
303	5.925600e-03	0.000000e+00	
304	5.945600e-03	0.000000e+00	
305	5.965600e-03	0.000000e+00	
306	5.985600e-03	0.000000e+00	
307	6.005600e-03	0.000000e+00	
308	6.025600e-03	0.000000e+00	
309	6.045600e-03	0.000000e+00	
310	6.065600e-03	0.000000e+00	
311	6.085600e-03	0.000000e+00	
312	6.105600e-03	0.000000e+00	
313	6.125600e-03	0.000000e+00	
314	6.145600e-03	0.000000e+00	
315	6.165600e-03	0.000000e+00	
316	6.185600e-03	0.000000e+00	
317	6.205600e-03	0.000000e+00	
318	6.225600e-03	0.000000e+00	
319	6.245600e-03	0.000000e+00	
320	6.265600e-03	0.000000e+00	
321	6.285600e-03	0.000000e+00	
322	6.305600e-03	0.000000e+00	
323	6.325600e-03	0.000000e+00	
324	6.345600e-03	0.000000e+00	
325	6.365600e-03	0.000000e+00	
326	6.385600e-03	0.000000e+00	
327	6.405600e-03	0.000000e+00	
328	6.425600e-03	0.000000e+00	
329	6.445600e-03	0.000000e+00	
330	6.465600e-03	0.000000e+00	
331	6.485600e-03	0.000000e+00	
332	6.505600e-03	0.000000e+00	
333	6.525600e-03	0.000000e+00	
334	6.545600e-03	0.000000e+00	
335	6.565600e-03	0.000000e+00	
336	6.585600e-03	0.000000e+00	
337	6.605600e-03	0.000000e+00	
338	6.625600e-03	0.000000e+00	
339	6.645600e-03	0.000000e+00	
340	6.665600e-03	0.000000e+00	
341	6.685600e-03	0.000000e+00	
342	6.705600e-03	0.000000e+00	
343	6.725600e-03	0.000000e+00	
344	6.745600e-03	0.000000e+00	

Index   time            v(2)            
--------------------------------------------------------------------------------
345	6.765600e-03	0.000000e+00	
346	6.785600e-03	0.000000e+00	
347	6.805600e-03	0.000000e+00	
348	6.825600e-03	0.000000e+00	
349	6.845600e-03	0.000000e+00	
350	6.865600e-03	0.000000e+00	
351	6.885600e-03	0.000000e+00	
352	6.905600e-03	0.000000e+00	
353	6.925600e-03	0.000000e+00	
354	6.945600e-03	0.000000e+00	
355	6.965600e-03	0.000000e+00	
356	6.985600e-03	0.000000e+00	
357	7.005600e-03	0.000000e+00	
358	7.025600e-03	0.000000e+00	
359	7.045600e-03	0.000000e+00	
360	7.065600e-03	0.000000e+00	
361	7.085600e-03	0.000000e+00	
362	7.105600e-03	0.000000e+00	
363	7.125600e-03	0.000000e+00	
364	7.145600e-03	0.000000e+00	
365	7.165600e-03	0.000000e+00	
366	7.185600e-03	0.000000e+00	
367	7.205600e-03	0.000000e+00	
368	7.225600e-03	0.000000e+00	
369	7.245600e-03	0.000000e+00	
370	7.265600e-03	0.000000e+00	
371	7.285600e-03	0.000000e+00	
372	7.305600e-03	0.000000e+00	
373	7.325600e-03	0.000000e+00	
374	7.345600e-03	0.000000e+00	
375	7.365600e-03	0.000000e+00	
376	7.385600e-03	0.000000e+00	
377	7.405600e-03	0.000000e+00	
378	7.425600e-03	0.000000e+00	
379	7.445600e-03	0.000000e+00	
380	7.465600e-03	0.000000e+00	
381	7.485600e-03	0.000000e+00	
382	7.505600e-03	0.000000e+00	
383	7.525600e-03	0.000000e+00	
384	7.545600e-03	0.000000e+00	
385	7.565600e-03	0.000000e+00	
386	7.585600e-03	0.000000e+00	
387	7.605600e-03	0.000000e+00	
388	7.625600e-03	0.000000e+00	
389	7.645600e-03	0.000000e+00	
390	7.665600e-03	0.000000e+00	
391	7.685600e-03	0.000000e+00	
392	7.705600e-03	0.000000e+00	
393	7.725600e-03	0.000000e+00	
394	7.745600e-03	0.000000e+00	
395	7.765600e-03	0.000000e+00	
396	7.785600e-03	0.000000e+00	
397	7.805600e-03	0.000000e+00	
398	7.825600e-03	0.000000e+00	
399	7.845600e-03	0.000000e+00	
400	7.865600e-03	0.000000e+00	
401	7.885600e-03	0.000000e+00	
402	7.905600e-03	0.000000e+00	

Index   time            v(2)            
--------------------------------------------------------------------------------
403	7.925600e-03	0.000000e+00	
404	7.945600e-03	0.000000e+00	
405	7.965600e-03	0.000000e+00	
406	7.985600e-03	0.000000e+00	
407	8.005600e-03	0.000000e+00	
408	8.025600e-03	0.000000e+00	
409	8.045600e-03	0.000000e+00	
410	8.065600e-03	0.000000e+00	
411	8.085600e-03	0.000000e+00	
412	8.105600e-03	0.000000e+00	
413	8.125600e-03	0.000000e+00	
414	8.145600e-03	0.000000e+00	
415	8.165600e-03	0.000000e+00	
416	8.185600e-03	0.000000e+00	
417	8.205600e-03	0.000000e+00	
418	8.225600e-03	0.000000e+00	
419	8.245600e-03	0.000000e+00	
420	8.265600e-03	0.000000e+00	
421	8.285600e-03	0.000000e+00	
422	8.305600e-03	0.000000e+00	
423	8.325600e-03	0.000000e+00	
424	8.345600e-03	0.000000e+00	
425	8.365600e-03	0.000000e+00	
426	8.385600e-03	0.000000e+00	
427	8.405600e-03	0.000000e+00	
428	8.425600e-03	0.000000e+00	
429	8.445600e-03	0.000000e+00	
430	8.465600e-03	0.000000e+00	
431	8.485600e-03	0.000000e+00	
432	8.505600e-03	0.000000e+00	
433	8.525600e-03	0.000000e+00	
434	8.545600e-03	0.000000e+00	
435	8.565600e-03	0.000000e+00	
436	8.585600e-03	0.000000e+00	
437	8.605600e-03	0.000000e+00	
438	8.625600e-03	0.000000e+00	
439	8.645600e-03	0.000000e+00	
440	8.665600e-03	0.000000e+00	
441	8.685600e-03	0.000000e+00	
442	8.705600e-03	0.000000e+00	
443	8.725600e-03	0.000000e+00	
444	8.745600e-03	0.000000e+00	
445	8.765600e-03	0.000000e+00	
446	8.785600e-03	0.000000e+00	
447	8.805600e-03	0.000000e+00	
448	8.825600e-03	0.000000e+00	
449	8.845600e-03	0.000000e+00	
450	8.865600e-03	0.000000e+00	
451	8.885600e-03	0.000000e+00	
452	8.905600e-03	0.000000e+00	
453	8.925600e-03	0.000000e+00	
454	8.945600e-03	0.000000e+00	
455	8.965600e-03	0.000000e+00	
456	8.985600e-03	0.000000e+00	
457	9.005600e-03	0.000000e+00	
458	9.025600e-03	0.000000e+00	
459	9.045600e-03	0.000000e+00	
460	9.065600e-03	0.000000e+00	

Index   time            v(2)            
--------------------------------------------------------------------------------
461	9.085600e-03	0.000000e+00	
462	9.105600e-03	0.000000e+00	
463	9.125600e-03	0.000000e+00	
464	9.145600e-03	0.000000e+00	
465	9.165600e-03	0.000000e+00	
466	9.185600e-03	0.000000e+00	
467	9.205600e-03	0.000000e+00	
468	9.225600e-03	0.000000e+00	
469	9.245600e-03	0.000000e+00	
470	9.265600e-03	0.000000e+00	
471	9.285600e-03	0.000000e+00	
472	9.305600e-03	0.000000e+00	
473	9.325600e-03	0.000000e+00	
474	9.345600e-03	0.000000e+00	
475	9.365600e-03	0.000000e+00	
476	9.385600e-03	0.000000e+00	
477	9.405600e-03	0.000000e+00	
478	9.425600e-03	0.000000e+00	
479	9.445600e-03	0.000000e+00	
480	9.465600e-03	0.000000e+00	
481	9.485600e-03	0.000000e+00	
482	9.505600e-03	0.000000e+00	
483	9.525600e-03	0.000000e+00	
484	9.545600e-03	0.000000e+00	
485	9.565600e-03	0.000000e+00	
486	9.585600e-03	0.000000e+00	
487	9.605600e-03	0.000000e+00	
488	9.625600e-03	0.000000e+00	
489	9.645600e-03	0.000000e+00	
490	9.665600e-03	0.000000e+00	
491	9.685600e-03	0.000000e+00	
492	9.705600e-03	0.000000e+00	
493	9.725600e-03	0.000000e+00	
494	9.745600e-03	0.000000e+00	
495	9.765600e-03	0.000000e+00	
496	9.785600e-03	0.000000e+00	
497	9.805600e-03	0.000000e+00	
498	9.825600e-03	0.000000e+00	
499	9.845600e-03	0.000000e+00	
500	9.865600e-03	0.000000e+00	
501	9.885600e-03	0.000000e+00	
502	9.905600e-03	0.000000e+00	
503	9.925600e-03	0.000000e+00	
504	9.945600e-03	0.000000e+00	
505	9.965600e-03	0.000000e+00	
506	9.985600e-03	0.000000e+00	
507	1.000000e-02	0.000000e+00	
508	1.000020e-02	2.100679e-07	
509	1.000061e-02	1.050253e-06	
510	1.000143e-02	5.249890e-06	
511	1.000245e-02	1.514953e-05	
512	1.000449e-02	5.048572e-05	
513	1.000857e-02	1.831477e-04	
514	1.001672e-02	6.951716e-04	
515	1.003303e-02	2.696042e-03	
516	1.005303e-02	6.903216e-03	
517	1.007303e-02	1.300728e-02	
518	1.009303e-02	2.097066e-02	

Index   time            v(2)            
--------------------------------------------------------------------------------
519	1.011303e-02	3.075656e-02	
520	1.013303e-02	4.232887e-02	
521	1.015303e-02	5.565222e-02	
522	1.017303e-02	7.069195e-02	
523	1.019303e-02	8.741406e-02	
524	1.021303e-02	1.057852e-01	
525	1.023303e-02	1.257728e-01	
526	1.025303e-02	1.473448e-01	
527	1.027303e-02	1.704698e-01	
528	1.029303e-02	1.951171e-01	
529	1.031303e-02	2.212566e-01	
530	1.033303e-02	2.488586e-01	
531	1.035303e-02	2.778942e-01	
532	1.037303e-02	3.083351e-01	
533	1.039303e-02	3.401534e-01	
534	1.041303e-02	3.733218e-01	
535	1.043303e-02	4.078136e-01	
536	1.045303e-02	4.436026e-01	
537	1.047303e-02	4.806631e-01	
538	1.049303e-02	5.189699e-01	
539	1.051303e-02	5.584984e-01	
540	1.053303e-02	5.992244e-01	
541	1.055303e-02	6.411240e-01	
542	1.057303e-02	6.841742e-01	
543	1.059303e-02	7.283521e-01	
544	1.061303e-02	7.736354e-01	
545	1.063303e-02	8.200022e-01	
546	1.065303e-02	8.674310e-01	
547	1.067303e-02	9.159009e-01	
548	1.069303e-02	9.653911e-01	
549	1.071303e-02	1.015882e+00	
550	1.073303e-02	1.067352e+00	
551	1.075303e-02	1.119784e+00	
552	1.077303e-02	1.173158e+00	
553	1.079303e-02	1.227455e+00	
554	1.081303e-02	1.282657e+00	
555	1.083303e-02	1.338746e+00	
556	1.085303e-02	1.395705e+00	
557	1.087303e-02	1.453516e+00	
558	1.089303e-02	1.512162e+00	
559	1.091303e-02	1.571627e+00	
560	1.093303e-02	1.631895e+00	
561	1.095303e-02	1.692950e+00	
562	1.097303e-02	1.754776e+00	
563	1.099303e-02	1.817358e+00	
564	1.100000e-02	1.839338e+00	
565	1.100200e-02	1.845646e+00	
566	1.100600e-02	1.858239e+00	
567	1.101400e-02	1.883272e+00	
568	1.103000e-02	1.932744e+00	
569	1.105000e-02	1.993482e+00	
570	1.107000e-02	2.053017e+00	
571	1.109000e-02	2.111373e+00	
572	1.111000e-02	2.168574e+00	
573	1.113000e-02	2.224642e+00	
574	1.115000e-02	2.279599e+00	
575	1.117000e-02	2.333468e+00	
576	1.119000e-02	2.386271e+00	

Index   time            v(2)            
--------------------------------------------------------------------------------
577	1.121000e-02	2.438028e+00	
578	1.123000e-02	2.488760e+00	
579	1.125000e-02	2.538488e+00	
580	1.127000e-02	2.587231e+00	
581	1.129000e-02	2.635008e+00	
582	1.131000e-02	2.681840e+00	
583	1.133000e-02	2.727744e+00	
584	1.135000e-02	2.772739e+00	
585	1.137000e-02	2.816843e+00	
586	1.139000e-02	2.860074e+00	
587	1.141000e-02	2.902449e+00	
588	1.143000e-02	2.943984e+00	
589	1.145000e-02	2.984698e+00	
590	1.147000e-02	3.024605e+00	
591	1.149000e-02	3.063721e+00	
592	1.151000e-02	3.102064e+00	
593	1.153000e-02	3.139646e+00	
594	1.155000e-02	3.176485e+00	
595	1.157000e-02	3.212594e+00	
596	1.159000e-02	3.247988e+00	
597	1.161000e-02	3.282682e+00	
598	1.163000e-02	3.316688e+00	
599	1.165000e-02	3.350021e+00	
600	1.167000e-02	3.382694e+00	
601	1.169000e-02	3.414720e+00	
602	1.171000e-02	3.446111e+00	
603	1.173000e-02	3.476881e+00	
604	1.175000e-02	3.507042e+00	
605	1.177000e-02	3.536606e+00	
606	1.179000e-02	3.565584e+00	
607	1.181000e-02	3.593988e+00	
608	1.183000e-02	3.621830e+00	
609	1.185000e-02	3.649120e+00	
610	1.187000e-02	3.675871e+00	
611	1.189000e-02	3.702091e+00	
612	1.191000e-02	3.727792e+00	
613	1.193000e-02	3.752984e+00	
614	1.195000e-02	3.777678e+00	
615	1.197000e-02	3.801882e+00	
616	1.199000e-02	3.825607e+00	
617	1.201000e-02	3.848863e+00	
618	1.203000e-02	3.871657e+00	
619	1.205000e-02	3.894001e+00	
620	1.207000e-02	3.915902e+00	
621	1.209000e-02	3.937369e+00	
622	1.211000e-02	3.958411e+00	
623	1.213000e-02	3.979037e+00	
624	1.215000e-02	3.999254e+00	
625	1.217000e-02	4.019071e+00	
626	1.219000e-02	4.038495e+00	
627	1.221000e-02	4.057535e+00	
628	1.223000e-02	4.076197e+00	
629	1.225000e-02	4.094490e+00	
630	1.227000e-02	4.112421e+00	
631	1.229000e-02	4.129997e+00	
632	1.231000e-02	4.147225e+00	
633	1.233000e-02	4.164112e+00	
634	1.235000e-02	4.180664e+00	

Index   time            v(2)            
--------------------------------------------------------------------------------
635	1.237000e-02	4.196888e+00	
636	1.239000e-02	4.212791e+00	
637	1.241000e-02	4.228380e+00	
638	1.243000e-02	4.243659e+00	
639	1.245000e-02	4.258636e+00	
640	1.247000e-02	4.273317e+00	
641	1.249000e-02	4.287707e+00	
642	1.251000e-02	4.301811e+00	
643	1.253000e-02	4.315637e+00	
644	1.255000e-02	4.329189e+00	
645	1.257000e-02	4.342472e+00	
646	1.259000e-02	4.355492e+00	
647	1.261000e-02	4.368255e+00	
648	1.263000e-02	4.380765e+00	
649	1.265000e-02	4.393027e+00	
650	1.267000e-02	4.405046e+00	
651	1.269000e-02	4.416827e+00	
652	1.271000e-02	4.428375e+00	
653	1.273000e-02	4.439695e+00	
654	1.275000e-02	4.450790e+00	
655	1.277000e-02	4.461665e+00	
656	1.279000e-02	4.472325e+00	
657	1.281000e-02	4.482774e+00	
658	1.283000e-02	4.493016e+00	
659	1.285000e-02	4.503056e+00	
660	1.287000e-02	4.512896e+00	
661	1.289000e-02	4.522542e+00	
662	1.291000e-02	4.531996e+00	
663	1.293000e-02	4.541264e+00	
664	1.295000e-02	4.550348e+00	
665	1.297000e-02	4.559252e+00	
666	1.299000e-02	4.567979e+00	
667	1.301000e-02	4.576534e+00	
668	1.303000e-02	4.584920e+00	
669	1.305000e-02	4.593139e+00	
670	1.307000e-02	4.601196e+00	
671	1.309000e-02	4.609093e+00	
672	1.311000e-02	4.616834e+00	
673	1.313000e-02	4.624421e+00	
674	1.315000e-02	4.631858e+00	
675	1.317000e-02	4.639148e+00	
676	1.319000e-02	4.646294e+00	
677	1.321000e-02	4.653298e+00	
678	1.323000e-02	4.660163e+00	
679	1.325000e-02	4.666893e+00	
680	1.327000e-02	4.673489e+00	
681	1.329000e-02	4.679954e+00	
682	1.331000e-02	4.686292e+00	
683	1.333000e-02	4.692504e+00	
684	1.335000e-02	4.698593e+00	
685	1.337000e-02	4.704562e+00	
686	1.339000e-02	4.710412e+00	
687	1.341000e-02	4.716146e+00	
688	1.343000e-02	4.721767e+00	
689	1.345000e-02	4.727277e+00	
690	1.347000e-02	4.732677e+00	
691	1.349000e-02	4.737971e+00	
692	1.351000e-02	4.743159e+00	

Index   time            v(2)            
--------------------------------------------------------------------------------
693	1.353000e-02	4.748245e+00	
694	1.355000e-02	4.753231e+00	
695	1.357000e-02	4.758117e+00	
696	1.359000e-02	4.762907e+00	
697	1.361000e-02	4.767602e+00	
698	1.363000e-02	4.772204e+00	
699	1.365000e-02	4.776715e+00	
700	1.367000e-02	4.781136e+00	
701	1.369000e-02	4.785470e+00	
702	1.371000e-02	4.789718e+00	
703	1.373000e-02	4.793882e+00	
704	1.375000e-02	4.797964e+00	
705	1.377000e-02	4.801964e+00	
706	1.379000e-02	4.805886e+00	
707	1.381000e-02	4.809730e+00	
708	1.383000e-02	4.813497e+00	
709	1.385000e-02	4.817191e+00	
710	1.387000e-02	4.820811e+00	
711	1.389000e-02	4.824359e+00	
712	1.391000e-02	4.827837e+00	
713	1.393000e-02	4.831246e+00	
714	1.395000e-02	4.834588e+00	
715	1.397000e-02	4.837863e+00	
716	1.399000e-02	4.841074e+00	
717	1.401000e-02	4.844221e+00	
718	1.403000e-02	4.847306e+00	
719	1.405000e-02	4.850329e+00	
720	1.407000e-02	4.853293e+00	
721	1.409000e-02	4.856198e+00	
722	1.411000e-02	4.859046e+00	
723	1.413000e-02	4.861837e+00	
724	1.415000e-02	4.864573e+00	
725	1.417000e-02	4.867254e+00	
726	1.419000e-02	4.869883e+00	
727	1.421000e-02	4.872460e+00	
728	1.423000e-02	4.874985e+00	
729	1.425000e-02	4.877461e+00	
730	1.427000e-02	4.879887e+00	
731	1.429000e-02	4.882266e+00	
732	1.431000e-02	4.884597e+00	
733	1.433000e-02	4.886882e+00	
734	1.435000e-02	4.889122e+00	
735	1.437000e-02	4.891318e+00	
736	1.439000e-02	4.893470e+00	
737	1.441000e-02	4.895580e+00	
738	1.443000e-02	4.897647e+00	
739	1.445000e-02	4.899674e+00	
740	1.447000e-02	4.901661e+00	
741	1.449000e-02	4.903608e+00	
742	1.451000e-02	4.905517e+00	
743	1.453000e-02	4.907388e+00	
744	1.455000e-02	4.909222e+00	
745	1.457000e-02	4.911019e+00	
746	1.459000e-02	4.912781e+00	
747	1.461000e-02	4.914508e+00	
748	1.463000e-02	4.916201e+00	
749	1.465000e-02	4.917861e+00	
750	1.467000e-02	4.919487e+00	

Index   time            v(2)            
--------------------------------------------------------------------------------
751	1.469000e-02	4.921081e+00	
752	1.471000e-02	4.922644e+00	
753	1.473000e-02	4.924176e+00	
754	1.475000e-02	4.925677e+00	
755	1.477000e-02	4.927149e+00	
756	1.479000e-02	4.928592e+00	
757	1.481000e-02	4.930006e+00	
758	1.483000e-02	4.931392e+00	
759	1.485000e-02	4.932750e+00	
760	1.487000e-02	4.934082e+00	
761	1.489000e-02	4.935387e+00	
762	1.491000e-02	4.936667e+00	
763	1.493000e-02	4.937921e+00	
764	1.495000e-02	4.939150e+00	
765	1.497000e-02	4.940355e+00	
766	1.499000e-02	4.941536e+00	
767	1.501000e-02	4.942694e+00	
768	1.503000e-02	4.943829e+00	
769	1.505000e-02	4.944941e+00	
770	1.507000e-02	4.946031e+00	
771	1.509000e-02	4.947100e+00	
772	1.511000e-02	4.948148e+00	
773	1.513000e-02	4.949174e+00	
774	1.515000e-02	4.950181e+00	
775	1.517000e-02	4.951167e+00	
776	1.519000e-02	4.952134e+00	
777	1.521000e-02	4.953082e+00	
778	1.523000e-02	4.954011e+00	
779	1.525000e-02	4.954922e+00	
780	1.527000e-02	4.955814e+00	
781	1.529000e-02	4.956689e+00	
782	1.531000e-02	4.957547e+00	
783	1.533000e-02	4.958388e+00	
784	1.535000e-02	4.959212e+00	
785	1.537000e-02	4.960019e+00	
786	1.539000e-02	4.960811e+00	
787	1.541000e-02	4.961587e+00	
788	1.543000e-02	4.962348e+00	
789	1.545000e-02	4.963093e+00	
790	1.547000e-02	4.963824e+00	
791	1.549000e-02	4.964541e+00	
792	1.551000e-02	4.965243e+00	
793	1.553000e-02	4.965931e+00	
794	1.555000e-02	4.966606e+00	
795	1.557000e-02	4.967267e+00	
796	1.559000e-02	4.967915e+00	
797	1.561000e-02	4.968550e+00	
798	1.563000e-02	4.969173e+00	
799	1.565000e-02	4.969784e+00	
800	1.567000e-02	4.970382e+00	
801	1.569000e-02	4.970968e+00	
802	1.571000e-02	4.971543e+00	
803	1.573000e-02	4.972107e+00	
804	1.575000e-02	4.972659e+00	
805	1.577000e-02	4.973201e+00	
806	1.579000e-02	4.973731e+00	
807	1.581000e-02	4.974251e+00	
808	1.583000e-02	4.974761e+00	

Index   time            v(2)            
--------------------------------------------------------------------------------
809	1.585000e-02	4.975261e+00	
810	1.587000e-02	4.975751e+00	
811	1.589000e-02	4.976231e+00	
812	1.591000e-02	4.976702e+00	
813	1.593000e-02	4.977163e+00	
814	1.595000e-02	4.977615e+00	
815	1.597000e-02	4.978059e+00	
816	1.599000e-02	4.978493e+00	
817	1.601000e-02	4.978919e+00	
818	1.603000e-02	4.979336e+00	
819	1.605000e-02	4.979746e+00	
820	1.607000e-02	4.980147e+00	
821	1.609000e-02	4.980540e+00	
822	1.611000e-02	4.980925e+00	
823	1.613000e-02	4.981303e+00	
824	1.615000e-02	4.981673e+00	
825	1.617000e-02	4.982036e+00	
826	1.619000e-02	4.982392e+00	
827	1.621000e-02	4.982740e+00	
828	1.623000e-02	4.983082e+00	
829	1.625000e-02	4.983417e+00	
830	1.627000e-02	4.983746e+00	
831	1.629000e-02	4.984067e+00	
832	1.631000e-02	4.984383e+00	
833	1.633000e-02	4.984692e+00	
834	1.635000e-02	4.984995e+00	
835	1.637000e-02	4.985292e+00	
836	1.639000e-02	4.985584e+00	
837	1.641000e-02	4.985869e+00	
838	1.643000e-02	4.986149e+00	
839	1.645000e-02	4.986423e+00	
840	1.647000e-02	4.986692e+00	
841	1.649000e-02	4.986956e+00	
842	1.651000e-02	4.987214e+00	
843	1.653000e-02	4.987467e+00	
844	1.655000e-02	4.987715e+00	
845	1.657000e-02	4.987959e+00	
846	1.659000e-02	4.988197e+00	
847	1.661000e-02	4.988431e+00	
848	1.663000e-02	4.988660e+00	
849	1.665000e-02	4.988884e+00	
850	1.667000e-02	4.989104e+00	
851	1.669000e-02	4.989320e+00	
852	1.671000e-02	4.989532e+00	
853	1.673000e-02	4.989739e+00	
854	1.675000e-02	4.989942e+00	
855	1.677000e-02	4.990141e+00	
856	1.679000e-02	4.990337e+00	
857	1.681000e-02	4.990528e+00	
858	1.683000e-02	4.990716e+00	
859	1.685000e-02	4.990899e+00	
860	1.687000e-02	4.991080e+00	
861	1.689000e-02	4.991256e+00	
862	1.691000e-02	4.991429e+00	
863	1.693000e-02	4.991599e+00	
864	1.695000e-02	4.991765e+00	
865	1.697000e-02	4.991928e+00	
866	1.699000e-02	4.992088e+00	

Index   time            v(2)            
--------------------------------------------------------------------------------
867	1.701000e-02	4.992245e+00	
868	1.703000e-02	4.992399e+00	
869	1.705000e-02	4.992549e+00	
870	1.707000e-02	4.992697e+00	
871	1.709000e-02	4.992841e+00	
872	1.711000e-02	4.992983e+00	
873	1.713000e-02	4.993122e+00	
874	1.715000e-02	4.993258e+00	
875	1.717000e-02	4.993392e+00	
876	1.719000e-02	4.993523e+00	
877	1.721000e-02	4.993651e+00	
878	1.723000e-02	4.993777e+00	
879	1.725000e-02	4.993900e+00	
880	1.727000e-02	4.994021e+00	
881	1.729000e-02	4.994139e+00	
882	1.731000e-02	4.994255e+00	
883	1.733000e-02	4.994369e+00	
884	1.735000e-02	4.994480e+00	
885	1.737000e-02	4.994590e+00	
886	1.739000e-02	4.994697e+00	
887	1.741000e-02	4.994802e+00	
888	1.743000e-02	4.994905e+00	
889	1.745000e-02	4.995006e+00	
890	1.747000e-02	4.995104e+00	
891	1.749000e-02	4.995201e+00	
892	1.751000e-02	4.995296e+00	
893	1.753000e-02	4.995390e+00	
894	1.755000e-02	4.995481e+00	
895	1.757000e-02	4.995570e+00	
896	1.759000e-02	4.995658e+00	
897	1.761000e-02	4.995744e+00	
898	1.763000e-02	4.995828e+00	
899	1.765000e-02	4.995911e+00	
900	1.767000e-02	4.995992e+00	
901	1.769000e-02	4.996071e+00	
902	1.771000e-02	4.996149e+00	
903	1.773000e-02	4.996225e+00	
904	1.775000e-02	4.996300e+00	
905	1.777000e-02	4.996373e+00	
906	1.779000e-02	4.996445e+00	
907	1.781000e-02	4.996516e+00	
908	1.783000e-02	4.996585e+00	
909	1.785000e-02	4.996652e+00	
910	1.787000e-02	4.996718e+00	
911	1.789000e-02	4.996783e+00	
912	1.791000e-02	4.996847e+00	
913	1.793000e-02	4.996910e+00	
914	1.795000e-02	4.996971e+00	
915	1.797000e-02	4.997031e+00	
916	1.799000e-02	4.997090e+00	
917	1.801000e-02	4.997147e+00	
918	1.803000e-02	4.997204e+00	
919	1.805000e-02	4.997259e+00	
920	1.807000e-02	4.997313e+00	
921	1.809000e-02	4.997367e+00	
922	1.811000e-02	4.997419e+00	
923	1.813000e-02	4.997470e+00	
924	1.815000e-02	4.997520e+00	

Index   time            v(2)            
--------------------------------------------------------------------------------
925	1.817000e-02	4.997569e+00	
926	1.819000e-02	4.997617e+00	
927	1.821000e-02	4.997664e+00	
928	1.823000e-02	4.997711e+00	
929	1.825000e-02	4.997756e+00	
930	1.827000e-02	4.997800e+00	
931	1.829000e-02	4.997844e+00	
932	1.831000e-02	4.997887e+00	
933	1.833000e-02	4.997928e+00	
934	1.835000e-02	4.997969e+00	
935	1.837000e-02	4.998010e+00	
936	1.839000e-02	4.998049e+00	
937	1.841000e-02	4.998088e+00	
938	1.843000e-02	4.998126e+00	
939	1.845000e-02	4.998163e+00	
940	1.847000e-02	4.998199e+00	
941	1.849000e-02	4.998235e+00	
942	1.851000e-02	4.998270e+00	
943	1.853000e-02	4.998304e+00	
944	1.855000e-02	4.998338e+00	
945	1.857000e-02	4.998370e+00	
946	1.859000e-02	4.998403e+00	
947	1.861000e-02	4.998434e+00	
948	1.863000e-02	4.998465e+00	
949	1.865000e-02	4.998496e+00	
950	1.867000e-02	4.998526e+00	
951	1.869000e-02	4.998555e+00	
952	1.871000e-02	4.998583e+00	
953	1.873000e-02	4.998611e+00	
954	1.875000e-02	4.998639e+00	
955	1.877000e-02	4.998666e+00	
956	1.879000e-02	4.998692e+00	
957	1.881000e-02	4.998718e+00	
958	1.883000e-02	4.998744e+00	
959	1.885000e-02	4.998768e+00	
960	1.887000e-02	4.998793e+00	
961	1.889000e-02	4.998817e+00	
962	1.891000e-02	4.998840e+00	
963	1.893000e-02	4.998863e+00	
964	1.895000e-02	4.998886e+00	
965	1.897000e-02	4.998908e+00	
966	1.899000e-02	4.998929e+00	
967	1.901000e-02	4.998951e+00	
968	1.903000e-02	4.998971e+00	
969	1.905000e-02	4.998992e+00	
970	1.907000e-02	4.999012e+00	
971	1.909000e-02	4.999031e+00	
972	1.911000e-02	4.999050e+00	
973	1.913000e-02	4.999069e+00	
974	1.915000e-02	4.999088e+00	
975	1.917000e-02	4.999106e+00	
976	1.919000e-02	4.999123e+00	
977	1.921000e-02	4.999141e+00	
978	1.923000e-02	4.999158e+00	
979	1.925000e-02	4.999174e+00	
980	1.927000e-02	4.999191e+00	
981	1.929000e-02	4.999207e+00	
982	1.931000e-02	4.999223e+00	

Index   time            v(2)            
--------------------------------------------------------------------------------
983	1.933000e-02	4.999238e+00	
984	1.935000e-02	4.999253e+00	
985	1.937000e-02	4.999268e+00	
986	1.939000e-02	4.999282e+00	
987	1.941000e-02	4.999297e+00	
988	1.943000e-02	4.999310e+00	
989	1.945000e-02	4.999324e+00	
990	1.947000e-02	4.999338e+00	
991	1.949000e-02	4.999351e+00	
992	1.951000e-02	4.999363e+00	
993	1.953000e-02	4.999376e+00	
994	1.955000e-02	4.999388e+00	
995	1.957000e-02	4.999401e+00	
996	1.959000e-02	4.999412e+00	
997	1.961000e-02	4.999424e+00	
998	1.963000e-02	4.999435e+00	
999	1.965000e-02	4.999447e+00	
1000	1.967000e-02	4.999458e+00	
1001	1.969000e-02	4.999468e+00	
1002	1.971000e-02	4.999479e+00	
1003	1.973000e-02	4.999489e+00	
1004	1.975000e-02	4.999499e+00	
1005	1.977000e-02	4.999509e+00	
1006	1.979000e-02	4.999519e+00	
1007	1.981000e-02	4.999528e+00	
1008	1.983000e-02	4.999538e+00	
1009	1.985000e-02	4.999547e+00	
1010	1.987000e-02	4.999556e+00	
1011	1.989000e-02	4.999565e+00	
1012	1.991000e-02	4.999573e+00	
1013	1.993000e-02	4.999582e+00	
1014	1.995000e-02	4.999590e+00	
1015	1.997000e-02	4.999598e+00	
1016	1.999000e-02	4.999606e+00	
1017	2.000000e-02	4.999610e+00	
