  0.0000000    
  6.23706058E-02
  0.12001750    
  0.16821694    
  0.20224524    
  0.21737863    
  0.20889343    
  0.17276572    
  0.11310688    
  3.92768867E-02
 -3.92768346E-02
 -0.11310685    
 -0.17276570    
 -0.20889340    
 -0.21737863    
 -0.20224524    
 -0.16821697    
 -0.12001757    
 -6.23706505E-02
   0.0000000    
   0.0000000    
  7.39751086E-02
  0.14281741    
  0.20139404    
  0.24457224    
  0.26721916    
  0.26420194    
  0.23113640    
  0.17234018    
  9.77452695E-02
  1.73770972E-02
 -5.87388575E-02
 -0.12057709    
 -0.15820420    
 -0.16721207    
 -0.15175663    
 -0.11673056    
 -6.70265257E-02
 -7.53708556E-03
  5.68450242E-02
   0.0000000    
  8.53445381E-02
  0.16514890    
  0.23387289    
  0.28597635    
  0.31591901    
  0.31816080    
  0.28795806    
  0.22982781    
  0.15426163    
  7.18505904E-02
 -6.81417435E-03
 -7.11415410E-02
 -0.11063688    
 -0.12059911    
 -0.10530657    
 -6.98103011E-02
 -1.91612467E-02
  4.15897742E-02
  0.10739176    
   0.0000000    
  9.62438360E-02
  0.18654361    
  0.26495519    
  0.32553458    
  0.36233765    
  0.36942032    
  0.34168178    
  0.28382412    
  0.20687397    
  0.12196323    
  4.02238891E-02
 -2.72120573E-02
 -6.93133548E-02
 -8.10932517E-02
 -6.69336095E-02
 -3.20223942E-02
  1.84524693E-02
  7.93032199E-02
  0.14534189    
   0.0000000    
  0.10643794    
  0.20653310    
  0.29394275    
  0.36232409    
  0.40533435    
  0.41663080    
  0.39075851    
  0.33258340    
  0.25363025    
  0.16553457    
  7.99320266E-02
  8.45827907E-03
 -3.73555012E-02
 -5.22480942E-02
 -4.06762809E-02
 -7.93299824E-03
  4.06888649E-02
  9.98965651E-02
  0.16439715    
   0.0000000    
  0.11569175    
  0.22464898    
  0.32013723    
  0.39542192    
  0.44376859    
  0.45844263    
  0.43363935    
  0.37436002    
  0.29257849    
  0.20038417    
  0.10986692    
  3.31164412E-02
 -1.78852230E-02
 -3.76172177E-02
 -3.05731557E-02
 -2.10829079E-03
  4.24221456E-02
  9.76630747E-02
  0.15825923    
   0.0000000    
  0.12377024    
  0.24042290    
  0.34284040    
  0.42390519    
  0.47649962    
  0.49350619    
  0.46877518    
  0.40740836    
  0.32176659    
  0.22433163    
  0.12758528    
  4.40093800E-02
 -1.40244020E-02
 -4.07541767E-02
 -4.06627581E-02
 -1.91144291E-02
  1.85265597E-02
  6.68960884E-02
  0.12062985    
   0.0000000    
  0.13043356    
  0.25337932    
  0.36134943    
  0.44685614    
  0.50241160    
  0.52052802    
  0.49471939    
  0.43014428    
  0.33947441    
  0.23550640    
  0.13103710    
  3.88632715E-02
 -2.83300541E-02
 -6.45638257E-02
 -7.42527470E-02
 -6.27058297E-02
 -3.52320522E-02
  2.85969302E-03
  4.62604128E-02
   0.0000000    
  0.13538665    
  0.26296043    
  0.37490848    
  0.46341801    
  0.52067602    
  0.53886974    
  0.51121354    
  0.44286254    
  0.34667581    
  0.23564076    
  0.12274477    
  2.09752917E-02
 -5.67923225E-02
 -0.10440957    
 -0.12615398    
 -0.12720011    
 -0.11272260    
 -8.78959373E-02
 -5.78947067E-02
   0.0000000    
  0.13829879    
  0.26855537    
  0.38272756    
  0.47277308    
  0.53064972    
  0.54831535    
  0.51876616    
  0.44707003    
  0.34608310    
  0.22879131    
  0.10818056    
 -2.76320241E-03
 -9.11646932E-02
 -0.15078939    
 -0.18569548    
 -0.20082670    
 -0.20112674    
 -0.19153938    
 -0.17700827    
   0.0000000    
  0.13883871    
  0.26955238    
  0.38401598    
  0.47410443    
  0.53169274    
  0.54865587    
  0.51789838    
  0.44429377    
  0.34043741    
  0.21905342    
  9.28659365E-02
 -2.54009515E-02
 -0.12312998    
 -0.19412020    
 -0.24211498    
 -0.27171341    
 -0.28751466    
 -0.29411778    
 -0.29612184    
   0.0000000    
  0.13667506    
  0.26533961    
  0.37798312    
  0.46659511    
  0.52316499    
  0.53968233    
  0.50913149    
  0.43606079    
  0.33247986    
  0.21052244    
  8.23223367E-02
 -3.99866849E-02
 -0.14437112    
 -0.22481887    
 -0.28465015    
 -0.32798830    
 -0.35895661    
 -0.38167840    
 -0.40027696    
   0.0000000    
  0.13147655    
  0.25530529    
  0.36383843    
  0.44942811    
  0.50442654    
  0.52118587    
  0.49298653    
  0.42389819    
  0.32495165    
  0.20729375    
  8.20712149E-02
 -3.95691544E-02
 -0.14657092    
 -0.23330225    
 -0.30253869    
 -0.35777920    
 -0.40252274    
 -0.44026846    
 -0.47451520    
   0.0000000    
  0.12291744    
  0.23884815    
  0.34080535    
  0.42180228    
  0.47485220    
  0.49296838    
  0.46998796    
  0.40932491    
  0.32057217    
  0.21342559    
  9.75809246E-02
 -1.72659345E-02
 -0.12149569    
 -0.21008368    
 -0.28512624    
 -0.34933239    
 -0.40541133    
 -0.45607212    
 -0.50402391    
   0.0000000    
  0.11100440    
  0.21599337    
  0.30895150    
  0.38386336    
  0.43471345    
  0.45548645    
  0.44084764    
  0.39337531    
  0.32075328    
  0.23075019    
  0.13113484    
  2.96760537E-02
 -6.59161955E-02
 -0.15145880    
 -0.22823468    
 -0.29799718    
 -0.36249959    
 -0.42349547    
 -0.48273802    
   0.0000000    
  9.62594897E-02
  0.18773769    
  0.26965329    
  0.33722499    
  0.38567144    
  0.41021144    
  0.40656838    
  0.37633267    
  0.32488009    
  0.25764945    
  0.18007953    
  9.76091549E-02
  1.56395659E-02
 -6.26861379E-02
 -0.13772425    
 -0.21013227    
 -0.28056771    
 -0.34968826    
 -0.41815132    
   0.0000000    
  7.92491063E-02
  0.15516129    
  0.22439960    
  0.28362715    
  0.32950693    
  0.35870203    
  0.36817801    
  0.35841557    
  0.33216354    
  0.29220837    
  0.24133667    
  0.18233502    
  0.11797620    
  5.02045602E-02
 -2.03189477E-02
 -9.30438787E-02
 -0.16741991    
 -0.24289681    
 -0.31892413    
   0.0000000    
  6.05396070E-02
  0.11934432    
  0.17467929    
  0.22480963    
  0.26800042    
  0.30251679    
  0.32670432    
  0.33984265    
  0.34181437    
  0.33251208    
  0.31182826    
  0.27965555    
  0.23589852    
  0.18118384    
  0.11725762    
  4.59622145E-02
 -3.08600664E-02
 -0.11136711    
 -0.19371648    
   0.0000000    
  4.06973250E-02
  8.13669413E-02
  0.12198115    
  0.16251226    
  0.20293252    
  0.24321426    
  0.28317499    
  0.32083249    
  0.35304362    
  0.37664571    
  0.38847622    
  0.38537264    
  0.36421156    
  0.32422245    
  0.26828194    
  0.19958037    
  0.12130806    
  3.66550051E-02
 -5.11883311E-02
   0.0000000    
  2.02886723E-02
  4.23093736E-02
  6.77941293E-02
  9.84749943E-02
  0.13608396    
  0.18235309    
  0.23861785    
  0.30160370    
  0.36506194    
  0.42269427    
  0.46820235    
  0.49528795    
  0.49771982    
  0.47329059    
  0.42603004    
  0.36050448    
  0.28128019    
  0.19292323    
  0.10000000
