6.28318563E-02   2.3305805    
  0.12566371       2.2666259    
  0.18849558       2.1962621    
  0.25132743       2.1202900    
  0.31415927       2.0395110    
  0.37699115       1.9547257    
  0.43982300       1.8667357    
  0.50265485       1.7763423    
  0.56548673       1.6843463    
  0.62831855       1.5915494    
  0.69115043       1.4987522    
  0.75398231       1.4067565    
  0.81681412       1.3163631    
  0.87964600       1.2283731    
  0.94247782       1.1435879    
   1.0053097       1.0628088    
   1.0681416      0.98683649    
   1.1309735      0.91647267    
   1.1938052      0.85251838    
   1.2566371      0.79577470    
   1.3194690      0.74677217    
   1.3823009      0.70495880    
   1.4451327      0.66951138    
   1.5079646      0.63960755    
   1.5707964      0.61442417    
   1.6336282      0.59313858    
   1.6964601      0.57492775    
   1.7592920      0.55896908    
   1.8221239      0.54443955    
   1.8849556      0.53051645    
   1.9477875      0.51653117    
   2.0106194      0.50243229    
   2.0734513      0.48832250    
   2.1362832      0.47430480    
   2.1991150      0.46048182    
   2.2619469      0.44695646    
   2.3247788      0.43383157    
   2.3876104      0.42120990    
   2.4504423      0.40919420    
   2.5132742      0.39788735    
   2.5761061      0.38736403    
   2.6389380      0.37758651    
   2.7017698      0.36848882    
   2.7646017      0.36000526    
   2.8274336      0.35206982    
   2.8902655      0.34461671    
   2.9530973      0.33758003    
   3.0159292      0.33089390    
   3.0787609      0.32449248    
   3.1415927      0.31830987    
   3.2044246      0.31229144    
   3.2672565      0.30642754    
   3.3300884      0.30071953    
   3.3929203      0.29516909    
   3.4557521      0.28977764    
   3.5185840      0.28454667    
   3.5814159      0.27947775    
   3.6442478      0.27457234    
   3.7070794      0.26983202    
   3.7699113      0.26525822    
   3.8327432      0.26085085    
   3.8955750      0.25660315    
   3.9584069      0.25250676    
   4.0212388      0.24855332    
   4.0840707      0.24473435    
   4.1469026      0.24104157    
   4.2097344      0.23746654    
   4.2725663      0.23400089    
   4.3353982      0.23063624    
   4.3982301      0.22736418    
   4.4610620      0.22417742    
   4.5238938      0.22107279    
   4.5867257      0.21804823    
   4.6495576      0.21510166    
   4.7123890      0.21223104    
   4.7752209      0.20943421    
   4.8380527      0.20670916    
   4.9008846      0.20405374    
   4.9637165      0.20146593    
   5.0265484      0.19894367    
   5.0893803      0.19648479    
   5.1522121      0.19408713    
   5.2150440      0.19174841    
   5.2778759      0.18946637    
   5.3407078      0.18723877    
   5.4035397      0.18506338    
   5.4663715      0.18293793    
   5.5292034      0.18086019    
   5.5920353      0.17882790    
   5.6548672      0.17683882    
   5.7176991      0.17489102    
   5.7805309      0.17298388    
   5.8433628      0.17111710    
   5.9061947      0.16929039    
   5.9690266      0.16750345    
   6.0318584      0.16575599    
   6.0946898      0.16404770    
   6.1575217      0.16237830    
   6.2203536      0.16074747    
   6.2831855      0.15915494    
   6.3460174      0.15759979 
